[0, 0, 563]
[0, 3, 558]
[0, 6, 563]
[0, 9, 519]
[0, 12, 507]
[0, 15, 490]
[0, 18, 472]
[0, 21, 443]
[0, 24, 397]
[0, 27, 330]
[0, 30, 301]
[0, 33, 291]
[0, 36, 251]
[0, 39, 310]
[0, 42, 268]
[0, 45, 272]
[0, 48, 280]
[0, 51, 249]
[0, 54, 276]
[0, 57, 309]
[0, 60, 214]
[0, 63, 265]
[0, 66, 193]
[0, 69, 161]
[0, 72, 166]
[0, 75, 136]
[0, 78, 120]
[0, 81, 133]
[0, 84, 143]
[0, 87, 220]
[0, 90, 128]
[3, 90, 129]
[3, 87, 228]
[3, 84, 228]
[3, 81, 287]
[3, 78, 137]
[3, 75, 157]
[3, 72, 161]
[3, 69, 158]
[3, 66, 167]
[3, 63, 229]
[3, 60, 248]
[3, 57, 244]
[3, 54, 257]
[3, 51, 254]
[3, 48, 267]
[3, 45, 266]
[3, 42, 258]
[3, 39, 262]
[3, 36, 248]
[3, 33, 243]
[3, 30, 325]
[3, 27, 325]
[3, 24, 355]
[3, 21, 394]
[3, 18, 499]
[3, 15, 480]
[3, 12, 507]
[3, 9, 524]
[3, 6, 534]
[3, 3, 567]
[3, 0, 556]
[6, 0, 566]
[6, 3, 557]
[6, 6, 596]
[6, 9, 538]
[6, 12, 522]
[6, 15, 494]
[6, 18, 461]
[6, 21, 432]
[6, 24, 401]
[6, 27, 342]
[6, 30, 309]
[6, 33, 319]
[6, 36, 208]
[6, 39, 218]
[6, 42, 228]
[6, 45, 231]
[6, 48, 218]
[6, 51, 230]
[6, 54, 218]
[6, 57, 268]
[6, 60, 226]
[6, 63, 207]
[6, 66, 197]
[6, 69, 201]
[6, 72, 226]
[6, 75, 188]
[6, 78, 191]
[6, 81, 186]
[6, 84, 164]
[6, 87, 181]
[6, 90, 180]
[9, 90, 176]
[9, 87, 229]
[9, 84, 191]
[9, 81, 189]
[9, 78, 191]
[9, 75, 201]
[9, 72, 189]
[9, 69, 180]
[9, 66, 235]
[9, 63, 203]
[9, 60, 207]
[9, 57, 211]
[9, 54, 217]
[9, 51, 214]
[9, 48, 208]
[9, 45, 261]
[9, 42, 223]
[9, 39, 222]
[9, 36, 213]
[9, 33, 230]
[9, 30, 227]
[9, 27, 232]
[9, 24, 247]
[9, 21, 284]
[9, 18, 305]
[9, 15, 380]
[9, 12, 405]
[9, 9, 445]
[9, 6, 458]
[9, 3, 464]
[9, 0, 482]
[12, 0, 493]
[12, 3, 521]
[12, 6, 501]
[12, 9, 501]
[12, 12, 471]
[12, 15, 466]
[12, 18, 508]
[12, 21, 421]
[12, 24, 382]
[12, 27, 454]
[12, 30, 280]
[12, 33, 251]
[12, 36, 333]
[12, 39, 197]
[12, 42, 193]
[12, 45, 248]
[12, 48, 190]
[12, 51, 187]
[12, 54, 181]
[12, 57, 193]
[12, 60, 234]
[12, 63, 183]
[12, 66, 187]
[12, 69, 176]
[12, 72, 199]
[12, 75, 158]
[12, 78, 146]
[12, 81, 146]
[12, 84, 169]
[12, 87, 136]
[12, 90, 136]
[15, 90, 124]
[15, 87, 159]
[15, 84, 141]
[15, 81, 143]
[15, 78, 137]
[15, 75, 145]
[15, 72, 163]
[15, 69, 165]
[15, 66, 181]
[15, 63, 184]
[15, 60, 180]
[15, 57, 183]
[15, 54, 180]
[15, 51, 180]
[15, 48, 200]
[15, 45, 184]
[15, 42, 191]
[15, 39, 189]
[15, 36, 197]
[15, 33, 206]
[15, 30, 258]
[15, 27, 330]
[15, 24, 341]
[15, 21, 429]
[15, 18, 453]
[15, 15, 473]
[15, 12, 486]
[15, 9, 523]
[15, 6, 566]
[15, 3, 529]
[15, 0, 533]
[18, 0, 558]
[18, 3, 582]
[18, 6, 556]
[18, 9, 526]
[18, 12, 511]
[18, 15, 489]
[18, 18, 502]
[18, 21, 486]
[18, 24, 376]
[18, 27, 353]
[18, 30, 282]
[18, 33, 226]
[18, 36, 191]
[18, 39, 194]
[18, 42, 184]
[18, 45, 191]
[18, 48, 180]
[18, 51, 190]
[18, 54, 197]
[18, 57, 238]
[18, 60, 188]
[18, 63, 181]
[18, 66, 185]
[18, 69, 164]
[18, 72, 166]
[18, 75, 147]
[18, 78, 141]
[18, 81, 161]
[18, 84, 132]
[18, 87, 134]
[18, 90, 128]
[21, 90, 167]
[21, 87, 127]
[21, 84, 129]
[21, 81, 136]
[21, 78, 178]
[21, 75, 153]
[21, 72, 150]
[21, 69, 158]
[21, 66, 168]
[21, 63, 175]
[21, 60, 180]
[21, 57, 189]
[21, 54, 215]
[21, 51, 171]
[21, 48, 169]
[21, 45, 168]
[21, 42, 218]
[21, 39, 181]
[21, 36, 178]
[21, 33, 163]
[21, 30, 384]
[21, 27, 302]
[21, 24, 463]
[21, 21, 439]
[21, 18, 496]
[21, 15, 624]
[21, 12, 489]
[21, 9, 503]
[21, 6, 532]
[21, 3, 585]
[21, 0, 547]
[24, 0, 562]
[24, 3, 546]
[24, 6, 541]
[24, 9, 533]
[24, 12, 526]
[24, 15, 493]
[24, 18, 484]
[24, 21, 488]
[24, 24, 442]
[24, 27, 340]
[24, 30, 280]
[24, 33, 234]
[24, 36, 171]
[24, 39, 173]
[24, 42, 164]
[24, 45, 186]
[24, 48, 175]
[24, 51, 159]
[24, 54, 149]
[24, 57, 171]
[24, 60, 171]
[24, 63, 168]
[24, 66, 162]
[24, 69, 161]
[24, 72, 156]
[24, 75, 125]
[24, 78, 132]
[24, 81, 145]
[24, 84, 131]
[24, 87, 125]
[24, 90, 145]
[27, 90, 127]
[27, 87, 124]
[27, 84, 133]
[27, 81, 154]
[27, 78, 131]
[27, 75, 155]
[27, 72, 157]
[27, 69, 188]
[27, 66, 163]
[27, 63, 178]
[27, 60, 181]
[27, 57, 205]
[27, 54, 141]
[27, 51, 158]
[27, 48, 145]
[27, 45, 148]
[27, 42, 158]
[27, 39, 159]
[27, 36, 189]
[27, 33, 144]
[27, 30, 251]
[27, 27, 295]
[27, 24, 398]
[27, 21, 446]
[27, 18, 524]
[27, 15, 476]
[27, 12, 502]
[27, 9, 516]
[27, 6, 515]
[27, 3, 550]
[27, 0, 553]
[30, 0, 560]
[30, 3, 554]
[30, 6, 556]
[30, 9, 534]
[30, 12, 517]
[30, 15, 496]
[30, 18, 516]
[30, 21, 461]
[30, 24, 436]
[30, 27, 362]
[30, 30, 301]
[30, 33, 187]
[30, 36, 180]
[30, 39, 164]
[30, 42, 171]
[30, 45, 170]
[30, 48, 159]
[30, 51, 149]
[30, 54, 142]
[30, 57, 158]
[30, 60, 163]
[30, 63, 144]
[30, 66, 158]
[30, 69, 159]
[30, 72, 145]
[30, 75, 199]
[30, 78, 132]
[30, 81, 138]
[30, 84, 129]
[30, 87, 175]
[30, 90, 131]
[33, 90, 124]
[33, 87, 161]
[33, 84, 136]
[33, 81, 180]
[33, 78, 145]
[33, 75, 183]
[33, 72, 148]
[33, 69, 241]
[33, 66, 233]
[33, 63, 191]
[33, 60, 191]
[33, 57, 181]
[33, 54, 149]
[33, 51, 191]
[33, 48, 148]
[33, 45, 143]
[33, 42, 153]
[33, 39, 179]
[33, 36, 172]
[33, 33, 198]
[33, 30, 235]
[33, 27, 319]
[33, 24, 387]
[33, 21, 456]
[33, 18, 482]
[33, 15, 496]
[33, 12, 497]
[33, 9, 523]
[33, 6, 513]
[33, 3, 538]
[33, 0, 553]
[36, 0, 566]
[36, 3, 540]
[36, 6, 531]
[36, 9, 518]
[36, 12, 515]
[36, 15, 484]
[36, 18, 523]
[36, 21, 468]
[36, 24, 450]
[36, 27, 369]
[36, 30, 340]
[36, 33, 385]
[36, 36, 417]
[36, 39, 352]
[36, 42, 338]
[36, 45, 296]
[36, 48, 294]
[36, 51, 267]
[36, 54, 293]
[36, 57, 349]
[36, 60, 363]
[36, 63, 283]
[36, 66, 136]
[36, 69, 136]
[36, 72, 173]
[36, 75, 152]
[36, 78, 133]
[36, 81, 133]
[36, 84, 135]
[36, 87, 128]
[36, 90, 125]
[39, 90, 155]
[39, 87, 136]
[39, 84, 132]
[39, 81, 133]
[39, 78, 155]
[39, 75, 140]
[39, 72, 146]
[39, 69, 154]
[39, 66, 159]
[39, 63, 324]
[39, 60, 443]
[39, 57, 458]
[39, 54, 499]
[39, 51, 474]
[39, 48, 484]
[39, 45, 473]
[39, 42, 514]
[39, 39, 482]
[39, 36, 479]
[39, 33, 477]
[39, 30, 512]
[39, 27, 461]
[39, 24, 432]
[39, 21, 497]
[39, 18, 484]
[39, 15, 498]
[39, 12, 496]
[39, 9, 524]
[39, 6, 538]
[39, 3, 573]
[39, 0, 552]
[42, 0, 562]
[42, 3, 553]
[42, 6, 584]
[42, 9, 537]
[42, 12, 518]
[42, 15, 486]
[42, 18, 540]
[42, 21, 493]
[42, 24, 449]
[42, 27, 435]
[42, 30, 470]
[42, 33, 483]
[42, 36, 485]
[42, 39, 546]
[42, 42, 481]
[42, 45, 627]
[42, 48, 629]
[42, 51, 470]
[42, 54, 626]
[42, 57, 495]
[42, 60, 535]
[42, 63, 133]
[42, 66, 133]
[42, 69, 229]
[42, 72, 179]
[42, 75, 145]
[42, 78, 133]
[42, 81, 136]
[42, 84, 137]
[42, 87, 131]
[42, 90, 133]
[45, 90, 124]
[45, 87, 130]
[45, 84, 129]
[45, 81, 162]
[45, 78, 141]
[45, 75, 125]
[45, 72, 141]
[45, 69, 164]
[45, 66, 153]
[45, 63, 142]
[45, 60, 116]
[45, 57, 333]
[45, 54, 433]
[45, 51, 472]
[45, 48, 474]
[45, 45, 504]
[45, 42, 484]
[45, 39, 499]
[45, 36, 466]
[45, 33, 464]
[45, 30, 488]
[45, 27, 462]
[45, 24, 435]
[45, 21, 481]
[45, 18, 476]
[45, 15, 518]
[45, 12, 511]
[45, 9, 512]
[45, 6, 527]
[45, 3, 544]
[45, 0, 554]
[48, 0, 554]
[48, 3, 553]
[48, 6, 577]
[48, 9, 531]
[48, 12, 509]
[48, 15, 496]
[48, 18, 507]
[48, 21, 479]
[48, 24, 436]
[48, 27, 353]
[48, 30, 312]
[48, 33, 263]
[48, 36, 415]
[48, 39, 493]
[48, 42, 516]
[48, 45, 480]
[48, 48, 475]
[48, 51, 435]
[48, 54, 209]
[48, 57, 115]
[48, 60, 130]
[48, 63, 154]
[48, 66, 185]
[48, 69, 168]
[48, 72, 165]
[48, 75, 132]
[48, 78, 143]
[48, 81, 122]
[48, 84, 120]
[48, 87, 116]
[48, 90, 128]
[51, 90, 125]
[51, 87, 128]
[51, 84, 170]
[51, 81, 128]
[51, 78, 142]
[51, 75, 145]
[51, 72, 143]
[51, 69, 160]
[51, 66, 129]
[51, 63, 158]
[51, 60, 158]
[51, 57, 134]
[51, 54, 125]
[51, 51, 300]
[51, 48, 449]
[51, 45, 473]
[51, 42, 478]
[51, 39, 485]
[51, 36, 534]
[51, 33, 513]
[51, 30, 310]
[51, 27, 280]
[51, 24, 365]
[51, 21, 452]
[51, 18, 484]
[51, 15, 520]
[51, 12, 476]
[51, 9, 509]
[51, 6, 523]
[51, 3, 533]
[51, 0, 560]
[54, 0, 576]
[54, 3, 547]
[54, 6, 529]
[54, 9, 519]
[54, 12, 511]
[54, 15, 491]
[54, 18, 521]
[54, 21, 477]
[54, 24, 441]
[54, 27, 329]
[54, 30, 339]
[54, 33, 423]
[54, 36, 491]
[54, 39, 498]
[54, 42, 480]
[54, 45, 474]
[54, 48, 468]
[54, 51, 470]
[54, 54, 434]
[54, 57, 301]
[54, 60, 124]
[54, 63, 145]
[54, 66, 148]
[54, 69, 173]
[54, 72, 144]
[54, 75, 155]
[54, 78, 139]
[54, 81, 125]
[54, 84, 136]
[54, 87, 138]
[54, 90, 126]
[57, 90, 124]
[57, 87, 136]
[57, 84, 135]
[57, 81, 128]
[57, 78, 137]
[57, 75, 151]
[57, 72, 156]
[57, 69, 169]
[57, 66, 141]
[57, 63, 142]
[57, 60, 290]
[57, 57, 421]
[57, 54, 456]
[57, 51, 461]
[57, 48, 468]
[57, 45, 469]
[57, 42, 472]
[57, 39, 482]
[57, 36, 480]
[57, 33, 474]
[57, 30, 468]
[57, 27, 467]
[57, 24, 438]
[57, 21, 494]
[57, 18, 489]
[57, 15, 538]
[57, 12, 497]
[57, 9, 511]
[57, 6, 512]
[57, 3, 583]
[57, 0, 544]
[60, 0, 563]
[60, 3, 546]
[60, 6, 577]
[60, 9, 534]
[60, 12, 518]
[60, 15, 481]
[60, 18, 515]
[60, 21, 480]
[60, 24, 453]
[60, 27, 443]
[60, 30, 457]
[60, 33, 511]
[60, 36, 453]
[60, 39, 455]
[60, 42, 449]
[60, 45, 498]
[60, 48, 447]
[60, 51, 440]
[60, 54, 431]
[60, 57, 430]
[60, 60, 357]
[60, 63, 147]
[60, 66, 124]
[60, 69, 197]
[60, 72, 157]
[60, 75, 138]
[60, 78, 141]
[60, 81, 137]
[60, 84, 131]
[60, 87, 129]
[60, 90, 115]
[63, 90, 127]
[63, 87, 125]
[63, 84, 137]
[63, 81, 175]
[63, 78, 139]
[63, 75, 137]
[63, 72, 149]
[63, 69, 151]
[63, 66, 152]
[63, 63, 163]
[63, 60, 243]
[63, 57, 162]
[63, 54, 160]
[63, 51, 255]
[63, 48, 160]
[63, 45, 178]
[63, 42, 195]
[63, 39, 197]
[63, 36, 201]
[63, 33, 228]
[63, 30, 270]
[63, 27, 284]
[63, 24, 397]
[63, 21, 441]
[63, 18, 489]
[63, 15, 496]
[63, 12, 488]
[63, 9, 550]
[63, 6, 514]
[63, 3, 534]
[63, 0, 533]
[66, 0, 562]
[66, 3, 566]
[66, 6, 546]
[66, 9, 524]
[66, 12, 504]
[66, 15, 480]
[66, 18, 520]
[66, 21, 467]
[66, 24, 442]
[66, 27, 390]
[66, 30, 271]
[66, 33, 186]
[66, 36, 149]
[66, 39, 191]
[66, 42, 165]
[66, 45, 154]
[66, 48, 149]
[66, 51, 153]
[66, 54, 147]
[66, 57, 146]
[66, 60, 144]
[66, 63, 163]
[66, 66, 136]
[66, 69, 172]
[66, 72, 153]
[66, 75, 149]
[66, 78, 134]
[66, 81, 145]
[66, 84, 167]
[66, 87, 124]
[66, 90, 137]
[69, 90, 114]
[69, 87, 120]
[69, 84, 130]
[69, 81, 133]
[69, 78, 136]
[69, 75, 145]
[69, 72, 151]
[69, 69, 154]
[69, 66, 184]
[69, 63, 162]
[69, 60, 159]
[69, 57, 164]
[69, 54, 180]
[69, 51, 158]
[69, 48, 146]
[69, 45, 154]
[69, 42, 132]
[69, 39, 136]
[69, 36, 138]
[69, 33, 150]
[69, 30, 289]
[69, 27, 275]
[69, 24, 395]
[69, 21, 457]
[69, 18, 484]
[69, 15, 489]
[69, 12, 492]
[69, 9, 513]
[69, 6, 530]
[69, 3, 565]
[69, 0, 557]
[72, 0, 562]
[72, 3, 542]
[72, 6, 589]
[72, 9, 511]
[72, 12, 514]
[72, 15, 482]
[72, 18, 488]
[72, 21, 471]
[72, 24, 430]
[72, 27, 334]
[72, 30, 272]
[72, 33, 234]
[72, 36, 135]
[72, 39, 142]
[72, 42, 124]
[72, 45, 149]
[72, 48, 143]
[72, 51, 159]
[72, 54, 154]
[72, 57, 163]
[72, 60, 162]
[72, 63, 164]
[72, 66, 172]
[72, 69, 228]
[72, 72, 155]
[72, 75, 237]
[72, 78, 160]
[72, 81, 223]
[72, 84, 218]
[72, 87, 217]
[72, 90, 167]
[75, 90, 124]
[75, 87, 133]
[75, 84, 139]
[75, 81, 141]
[75, 78, 138]
[75, 75, 138]
[75, 72, 176]
[75, 69, 137]
[75, 66, 177]
[75, 63, 150]
[75, 60, 183]
[75, 57, 167]
[75, 54, 169]
[75, 51, 172]
[75, 48, 149]
[75, 45, 147]
[75, 42, 142]
[75, 39, 104]
[75, 36, 187]
[75, 33, 201]
[75, 30, 256]
[75, 27, 304]
[75, 24, 339]
[75, 21, 437]
[75, 18, 501]
[75, 15, 457]
[75, 12, 492]
[75, 9, 512]
[75, 6, 532]
[75, 3, 550]
[75, 0, 579]
[78, 0, 570]
[78, 3, 549]
[78, 6, 546]
[78, 9, 568]
[78, 12, 514]
[78, 15, 488]
[78, 18, 460]
[78, 21, 480]
[78, 24, 378]
[78, 27, 332]
[78, 30, 301]
[78, 33, 242]
[78, 36, 143]
[78, 39, 145]
[78, 42, 154]
[78, 45, 144]
[78, 48, 154]
[78, 51, 165]
[78, 54, 154]
[78, 57, 184]
[78, 60, 168]
[78, 63, 163]
[78, 66, 172]
[78, 69, 207]
[78, 72, 140]
[78, 75, 149]
[78, 78, 137]
[78, 81, 167]
[78, 84, 131]
[78, 87, 133]
[78, 90, 132]
[81, 90, 133]
[81, 87, 134]
[81, 84, 120]
[81, 81, 155]
[81, 78, 136]
[81, 75, 145]
[81, 72, 141]
[81, 69, 193]
[81, 66, 167]
[81, 63, 163]
[81, 60, 162]
[81, 57, 214]
[81, 54, 158]
[81, 51, 154]
[81, 48, 154]
[81, 45, 163]
[81, 42, 151]
[81, 39, 163]
[81, 36, 137]
[81, 33, 231]
[81, 30, 271]
[81, 27, 310]
[81, 24, 345]
[81, 21, 465]
[81, 18, 449]
[81, 15, 475]
[81, 12, 493]
[81, 9, 526]
[81, 6, 542]
[81, 3, 522]
[81, 0, 550]
[84, 0, 598]
[84, 3, 686]
[84, 6, 537]
[84, 9, 528]
[84, 12, 511]
[84, 15, 513]
[84, 18, 461]
[84, 21, 580]
[84, 24, 534]
[84, 27, 421]
[84, 30, 333]
[84, 33, 251]
[84, 36, 174]
[84, 39, 147]
[84, 42, 147]
[84, 45, 160]
[84, 48, 157]
[84, 51, 167]
[84, 54, 164]
[84, 57, 168]
[84, 60, 201]
[84, 63, 161]
[84, 66, 165]
[84, 69, 164]
[84, 72, 151]
[84, 75, 147]
[84, 78, 137]
[84, 81, 128]
[84, 84, 132]
[84, 87, 126]
[84, 90, 129]
[87, 90, 134]
[87, 87, 134]
[87, 84, 133]
[87, 81, 119]
[87, 78, 133]
[87, 75, 139]
[87, 72, 150]
[87, 69, 138]
[87, 66, 172]
[87, 63, 169]
[87, 60, 159]
[87, 57, 201]
[87, 54, 176]
[87, 51, 159]
[87, 48, 168]
[87, 45, 158]
[87, 42, 167]
[87, 39, 142]
[87, 36, 164]
[87, 33, 259]
[87, 30, 267]
[87, 27, 298]
[87, 24, 356]
[87, 21, 410]
[87, 18, 457]
[87, 15, 483]
[87, 12, 497]
[87, 9, 514]
[87, 6, 556]
[87, 3, 548]
[87, 0, 537]
[90, 0, 546]
[90, 3, 578]
[90, 6, 541]
[90, 9, 533]
[90, 12, 516]
[90, 15, 491]
[90, 18, 477]
[90, 21, 420]
[90, 24, 390]
[90, 27, 325]
[90, 30, 294]
[90, 33, 233]
[90, 36, 177]
[90, 39, 144]
[90, 42, 162]
[90, 45, 151]
[90, 48, 154]
[90, 51, 148]
[90, 54, 169]
[90, 57, 167]
[90, 60, 163]
[90, 63, 160]
[90, 66, 162]
[90, 69, 159]
[90, 72, 149]
[90, 75, 170]
[90, 78, 141]
[90, 81, 138]
[90, 84, 137]
[90, 87, 159]
[90, 90, 118]
