[132, 30, 557]
[132, 35, 530]
[132, 40, 490]
[132, 45, 422]
[132, 50, 331]
[132, 55, 266]
[132, 60, 239]
[132, 65, 258]
[132, 70, 249]
[132, 75, 247]
[132, 80, 265]
[132, 85, 5]
[132, 90, 7]
[132, 95, 5]
[132, 100, 6]
[132, 105, 0]
[132, 110, 13]
[132, 115, 9]
[132, 120, 34]
[127, 120, 6]
[127, 115, 5]
[127, 110, 20]
[127, 105, 11]
[127, 100, 8]
[127, 95, 5]
[127, 90, 6]
[127, 85, 101]
[127, 80, 23]
[127, 75, 151]
[127, 70, 213]
[127, 65, 262]
[127, 60, 218]
[127, 55, 212]
[127, 50, 232]
[127, 45, 365]
[127, 40, 456]
[127, 35, 499]
[127, 30, 526]
[122, 30, 548]
[122, 35, 520]
[122, 40, 485]
[122, 45, 444]
[122, 50, 13]
[122, 55, 14]
[122, 60, 171]
[122, 65, 121]
[122, 70, 112]
[122, 75, 5]
[122, 80, 335]
[122, 85, 572]
[122, 90, 274]
[122, 95, 6]
[122, 100, 5]
[122, 105, 21]
[122, 110, 5]
[122, 115, 8]
[122, 120, 23]
[117, 120, 6]
[117, 115, 0]
[117, 110, 40]
[117, 105, 5]
[117, 100, 7]
[117, 95, 18]
[117, 90, 154]
[117, 85, 558]
[117, 80, 578]
[117, 75, 600]
[117, 70, 571]
[117, 65, 7]
[117, 60, 6]
[117, 55, 97]
[117, 50, 42]
[117, 45, 333]
[117, 40, 438]
[117, 35, 500]
[117, 30, 532]
[112, 30, 543]
[112, 35, 553]
[112, 40, 469]
[112, 45, 394]
[112, 50, 368]
[112, 55, 346]
[112, 60, 547]
[112, 65, 590]
[112, 70, 596]
[112, 75, 572]
[112, 80, 491]
[112, 85, 159]
[112, 90, 56]
[112, 95, 129]
[112, 100, 504]
[112, 105, 320]
[112, 110, 74]
[112, 115, 7]
[112, 120, 0]
[107, 120, 11]
[107, 115, 6]
[107, 110, 105]
[107, 105, 555]
[107, 100, 569]
[107, 95, 607]
[107, 90, 575]
[107, 85, 564]
[107, 80, 417]
[107, 75, 240]
[107, 70, 490]
[107, 65, 570]
[107, 60, 613]
[107, 55, 583]
[107, 50, 718]
[107, 45, 664]
[107, 40, 555]
[107, 35, 489]
[107, 30, 747]
[102, 30, 534]
[102, 35, 525]
[102, 40, 463]
[102, 45, 588]
[102, 50, 599]
[102, 55, 583]
[102, 60, 621]
[102, 65, 568]
[102, 70, 546]
[102, 75, 511]
[102, 80, 565]
[102, 85, 569]
[102, 90, 572]
[102, 95, 559]
[102, 100, 570]
[102, 105, 574]
[102, 110, 227]
[102, 115, 39]
[102, 120, 66]
[97, 120, 77]
[97, 115, 91]
[97, 110, 193]
[97, 105, 368]
[97, 100, 413]
[97, 95, 486]
[97, 90, 492]
[97, 85, 560]
[97, 80, 540]
[97, 75, 540]
[97, 70, 561]
[97, 65, 557]
[97, 60, 573]
[97, 55, 569]
[97, 50, 611]
[97, 45, 585]
[97, 40, 585]
[97, 35, 485]
[97, 30, 523]
[92, 30, 540]
[92, 35, 516]
[92, 40, 488]
[92, 45, 579]
[92, 50, 571]
[92, 55, 557]
[92, 60, 563]
[92, 65, 569]
[92, 70, 570]
[92, 75, 586]
[92, 80, 527]
[92, 85, 559]
[92, 90, 564]
[92, 95, 566]
[92, 100, 565]
[92, 105, 618]
[92, 110, 591]
[92, 115, 168]
[92, 120, 11]
[87, 120, 23]
[87, 115, 61]
[87, 110, 285]
[87, 105, 564]
[87, 100, 523]
[87, 95, 560]
[87, 90, 569]
[87, 85, 552]
[87, 80, 513]
[87, 75, 523]
[87, 70, 605]
[87, 65, 584]
[87, 60, 570]
[87, 55, 567]
[87, 50, 568]
[87, 45, 584]
[87, 40, 446]
[87, 35, 516]
[87, 30, 549]
[82, 30, 550]
[82, 35, 527]
[82, 40, 471]
[82, 45, 587]
[82, 50, 621]
[82, 55, 589]
[82, 60, 575]
[82, 65, 576]
[82, 70, 572]
[82, 75, 730]
[82, 80, 691]
[82, 85, 406]
[82, 90, 424]
[82, 95, 304]
[82, 100, 294]
[82, 105, 351]
[82, 110, 205]
[82, 115, 23]
[82, 120, 10]
[77, 120, 7]
[77, 115, 7]
[77, 110, 163]
[77, 105, 299]
[77, 100, 495]
[77, 95, 562]
[77, 90, 576]
[77, 85, 571]
[77, 80, 576]
[77, 75, 575]
[77, 70, 554]
[77, 65, 529]
[77, 60, 540]
[77, 55, 565]
[77, 50, 582]
[77, 45, 595]
[77, 40, 422]
[77, 35, 537]
[77, 30, 536]
[72, 30, 547]
[72, 35, 515]
[72, 40, 474]
[72, 45, 390]
[72, 50, 640]
[72, 55, 590]
[72, 60, 518]
[72, 65, 262]
[72, 70, 272]
[72, 75, 268]
[72, 80, 341]
[72, 85, 425]
[72, 90, 588]
[72, 95, 579]
[72, 100, 570]
[72, 105, 509]
[72, 110, 133]
[72, 115, 11]
[72, 120, 8]
[67, 120, 5]
[67, 115, 6]
[67, 110, 0]
[67, 105, 166]
[67, 100, 526]
[67, 95, 477]
[67, 90, 86]
[67, 85, 25]
[67, 80, 271]
[67, 75, 251]
[67, 70, 263]
[67, 65, 460]
[67, 60, 564]
[67, 55, 587]
[67, 50, 481]
[67, 45, 327]
[67, 40, 446]
[67, 35, 493]
[67, 30, 548]
[62, 30, 547]
[62, 35, 520]
[62, 40, 524]
[62, 45, 398]
[62, 50, 176]
[62, 55, 327]
[62, 60, 594]
[62, 65, 585]
[62, 70, 544]
[62, 75, 242]
[62, 80, 243]
[62, 85, 5]
[62, 90, 6]
[62, 95, 0]
[62, 100, 14]
[62, 105, 9]
[62, 110, 7]
[62, 115, 6]
[62, 120, 5]
[57, 120, 39]
[57, 115, 10]
[57, 110, 8]
[57, 105, 96]
[57, 100, 6]
[57, 95, 28]
[57, 90, 116]
[57, 85, 9]
[57, 80, 21]
[57, 75, 201]
[57, 70, 317]
[57, 65, 510]
[57, 60, 497]
[57, 55, 37]
[57, 50, 160]
[57, 45, 358]
[57, 40, 438]
[57, 35, 500]
[57, 30, 545]
[52, 30, 552]
[52, 35, 527]
[52, 40, 489]
[52, 45, 418]
[52, 50, 320]
[52, 55, 115]
[52, 60, 322]
[52, 65, 308]
[52, 70, 224]
[52, 75, 5]
[52, 80, 26]
[52, 85, 11]
[52, 90, 8]
[52, 95, 7]
[52, 100, 6]
[52, 105, 4]
[52, 110, 5]
[52, 115, 10]
[52, 120, 7]
[47, 120, 6]
[47, 115, 5]
[47, 110, 32]
[47, 105, 11]
[47, 100, 8]
[47, 95, 7]
[47, 90, 6]
[47, 85, 0]
[47, 80, 5]
[47, 75, 10]
[47, 70, 7]
[47, 65, 39]
[47, 60, 305]
[47, 55, 317]
[47, 50, 333]
[47, 45, 397]
[47, 40, 449]
[47, 35, 510]
[47, 30, 524]
[42, 30, 549]
[42, 35, 547]
[42, 40, 498]
[42, 45, 440]
[42, 50, 389]
[42, 55, 306]
[42, 60, 326]
[42, 65, 193]
[42, 70, 12]
[42, 75, 9]
[42, 80, 7]
[42, 85, 6]
[42, 90, 6]
[42, 95, 44]
[42, 100, 5]
[42, 105, 8]
[42, 110, 7]
[42, 115, 6]
[42, 120, 0]
