[0, 0, 461]
[0, 9, 438]
[0, 18, 387]
[0, 27, 264]
[0, 36, 223]
[0, 45, 236]
[0, 54, 317]
[0, 63, 243]
[0, 72, 197]
[0, 81, 193]
[0, 90, 180]
[9, 90, 175]
[9, 81, 190]
[9, 72, 195]
[9, 63, 201]
[9, 54, 215]
[9, 45, 218]
[9, 36, 208]
[9, 27, 303]
[9, 18, 349]
[9, 9, 445]
[9, 0, 461]
[18, 0, 472]
[18, 9, 458]
[18, 18, 397]
[18, 27, 284]
[18, 36, 211]
[18, 45, 205]
[18, 54, 206]
[18, 63, 204]
[18, 72, 249]
[18, 81, 192]
[18, 90, 172]
[27, 90, 172]
[27, 81, 179]
[27, 72, 195]
[27, 63, 203]
[27, 54, 202]
[27, 45, 197]
[27, 36, 197]
[27, 27, 304]
[27, 18, 356]
[27, 9, 451]
[27, 0, 471]
[36, 0, 469]
[36, 9, 453]
[36, 18, 384]
[36, 27, 277]
[36, 36, 206]
[36, 45, 189]
[36, 54, 196]
[36, 63, 197]
[36, 72, 199]
[36, 81, 189]
[36, 90, 175]
[45, 90, 168]
[45, 81, 191]
[45, 72, 195]
[45, 63, 194]
[45, 54, 194]
[45, 45, 178]
[45, 36, 244]
[45, 27, 243]
[45, 18, 351]
[45, 9, 432]
[45, 0, 446]
[54, 0, 486]
[54, 9, 449]
[54, 18, 373]
[54, 27, 285]
[54, 36, 198]
[54, 45, 202]
[54, 54, 296]
[54, 63, 193]
[54, 72, 204]
[54, 81, 255]
[54, 90, 180]
[63, 90, 175]
[63, 81, 183]
[63, 72, 193]
[63, 63, 198]
[63, 54, 198]
[63, 45, 198]
[63, 36, 200]
[63, 27, 278]
[63, 18, 394]
[63, 9, 422]
[63, 0, 456]
[72, 0, 471]
[72, 9, 446]
[72, 18, 385]
[72, 27, 274]
[72, 36, 193]
[72, 45, 198]
[72, 54, 219]
[72, 63, 201]
[72, 72, 184]
[72, 81, 184]
[72, 90, 185]
[81, 90, 179]
[81, 81, 199]
[81, 72, 196]
[81, 63, 208]
[81, 54, 205]
[81, 45, 199]
[81, 36, 190]
[81, 27, 235]
[81, 18, 341]
[81, 9, 394]
[81, 0, 508]
[90, 0, 505]
[90, 9, 494]
[90, 18, 381]
[90, 27, 265]
[90, 36, 214]
[90, 45, 205]
[90, 54, 205]
[90, 63, 207]
[90, 72, 198]
[90, 81, 185]
[90, 90, 177]
