[132, 30, 201]
[132, 33, 203]
[132, 36, 188]
[132, 39, 227]
[132, 42, 189]
[132, 45, 197]
[132, 48, 186]
[132, 51, 167]
[132, 54, 121]
[132, 57, 34]
[132, 60, 173]
[132, 63, 113]
[132, 66, 106]
[132, 69, 129]
[132, 72, 111]
[132, 75, 120]
[132, 78, 116]
[132, 81, 102]
[132, 84, 134]
[132, 87, 107]
[132, 90, 112]
[132, 93, 107]
[132, 96, 127]
[132, 99, 107]
[132, 102, 115]
[132, 105, 95]
[132, 108, 127]
[132, 111, 172]
[132, 114, 150]
[132, 117, 170]
[132, 120, 193]
[129, 120, 242]
[129, 117, 194]
[129, 114, 198]
[129, 111, 189]
[129, 108, 196]
[129, 105, 193]
[129, 102, 211]
[129, 99, 203]
[129, 96, 193]
[129, 93, 204]
[129, 90, 232]
[129, 87, 194]
[129, 84, 248]
[129, 81, 288]
[129, 78, 293]
[129, 75, 292]
[129, 72, 284]
[129, 69, 319]
[129, 66, 220]
[129, 63, 209]
[129, 60, 197]
[129, 57, 215]
[129, 54, 210]
[129, 51, 212]
[129, 48, 239]
[129, 45, 198]
[129, 42, 205]
[129, 39, 193]
[129, 36, 205]
[129, 33, 193]
[129, 30, 201]
[126, 30, 214]
[126, 33, 207]
[126, 36, 266]
[126, 39, 213]
[126, 42, 212]
[126, 45, 209]
[126, 48, 189]
[126, 51, 193]
[126, 54, 192]
[126, 57, 211]
[126, 60, 212]
[126, 63, 210]
[126, 66, 189]
[126, 69, 226]
[126, 72, 177]
[126, 75, 180]
[126, 78, 176]
[126, 81, 182]
[126, 84, 187]
[126, 87, 185]
[126, 90, 187]
[126, 93, 236]
[126, 96, 194]
[126, 99, 198]
[126, 102, 184]
[126, 105, 198]
[126, 108, 172]
[126, 111, 189]
[126, 114, 193]
[126, 117, 189]
[126, 120, 170]
[123, 120, 191]
[123, 117, 200]
[123, 114, 191]
[123, 111, 189]
[123, 108, 198]
[123, 105, 261]
[123, 102, 206]
[123, 99, 207]
[123, 96, 206]
[123, 93, 209]
[123, 90, 197]
[123, 87, 199]
[123, 84, 193]
[123, 81, 194]
[123, 78, 195]
[123, 75, 193]
[123, 72, 197]
[123, 69, 197]
[123, 66, 217]
[123, 63, 205]
[123, 60, 199]
[123, 57, 180]
[123, 54, 219]
[123, 51, 258]
[123, 48, 194]
[123, 45, 203]
[123, 42, 222]
[123, 39, 233]
[123, 36, 201]
[123, 33, 220]
[123, 30, 263]
[120, 30, 208]
[120, 33, 197]
[120, 36, 275]
[120, 39, 214]
[120, 42, 223]
[120, 45, 218]
[120, 48, 205]
[120, 51, 201]
[120, 54, 211]
[120, 57, 384]
[120, 60, 315]
[120, 63, 293]
[120, 66, 210]
[120, 69, 223]
[120, 72, 202]
[120, 75, 214]
[120, 78, 217]
[120, 81, 213]
[120, 84, 217]
[120, 87, 214]
[120, 90, 211]
[120, 93, 223]
[120, 96, 214]
[120, 99, 216]
[120, 102, 214]
[120, 105, 219]
[120, 108, 172]
[120, 111, 197]
[120, 114, 175]
[120, 117, 228]
[120, 120, 190]
[117, 120, 194]
[117, 117, 193]
[117, 114, 194]
[117, 111, 193]
[117, 108, 209]
[117, 105, 229]
[117, 102, 208]
[117, 99, 211]
[117, 96, 209]
[117, 93, 215]
[117, 90, 214]
[117, 87, 198]
[117, 84, 221]
[117, 81, 214]
[117, 78, 233]
[117, 75, 275]
[117, 72, 218]
[117, 69, 222]
[117, 66, 216]
[117, 63, 216]
[117, 60, 192]
[117, 57, 215]
[117, 54, 219]
[117, 51, 210]
[117, 48, 205]
[117, 45, 201]
[117, 42, 222]
[117, 39, 210]
[117, 36, 219]
[117, 33, 239]
[117, 30, 214]
[114, 30, 223]
[114, 33, 217]
[114, 36, 272]
[114, 39, 202]
[114, 42, 215]
[114, 45, 214]
[114, 48, 190]
[114, 51, 265]
[114, 54, 213]
[114, 57, 218]
[114, 60, 208]
[114, 63, 219]
[114, 66, 225]
[114, 69, 218]
[114, 72, 224]
[114, 75, 218]
[114, 78, 222]
[114, 81, 222]
[114, 84, 260]
[114, 87, 219]
[114, 90, 222]
[114, 93, 214]
[114, 96, 218]
[114, 99, 221]
[114, 102, 210]
[114, 105, 212]
[114, 108, 201]
[114, 111, 211]
[114, 114, 206]
[114, 117, 189]
[114, 120, 193]
[111, 120, 184]
[111, 117, 220]
[111, 114, 264]
[111, 111, 200]
[111, 108, 314]
[111, 105, 260]
[111, 102, 294]
[111, 99, 271]
[111, 96, 226]
[111, 93, 231]
[111, 90, 214]
[111, 87, 218]
[111, 84, 214]
[111, 81, 216]
[111, 78, 206]
[111, 75, 205]
[111, 72, 229]
[111, 69, 223]
[111, 66, 220]
[111, 63, 264]
[111, 60, 215]
[111, 57, 248]
[111, 54, 271]
[111, 51, 278]
[111, 48, 336]
[111, 45, 276]
[111, 42, 291]
[111, 39, 264]
[111, 36, 268]
[111, 33, 267]
[111, 30, 251]
[108, 30, 284]
[108, 33, 278]
[108, 36, 284]
[108, 39, 284]
[108, 42, 287]
[108, 45, 336]
[108, 48, 288]
[108, 51, 288]
[108, 54, 288]
[108, 57, 281]
[108, 60, 277]
[108, 63, 242]
[108, 66, 215]
[108, 69, 222]
[108, 72, 222]
[108, 75, 225]
[108, 78, 271]
[108, 81, 223]
[108, 84, 226]
[108, 87, 224]
[108, 90, 222]
[108, 93, 222]
[108, 96, 213]
[108, 99, 220]
[108, 102, 221]
[108, 105, 214]
[108, 108, 211]
[108, 111, 217]
[108, 114, 146]
[108, 117, 162]
[108, 120, 157]
[105, 120, 138]
[105, 117, 145]
[105, 114, 116]
[105, 111, 214]
[105, 108, 209]
[105, 105, 271]
[105, 102, 214]
[105, 99, 224]
[105, 96, 229]
[105, 93, 222]
[105, 90, 223]
[105, 87, 242]
[105, 84, 269]
[105, 81, 235]
[105, 78, 233]
[105, 75, 238]
[105, 72, 235]
[105, 69, 227]
[105, 66, 209]
[105, 63, 290]
[105, 60, 275]
[105, 57, 291]
[105, 54, 355]
[105, 51, 297]
[105, 48, 360]
[105, 45, 386]
[105, 42, 292]
[105, 39, 417]
[105, 36, 291]
[105, 33, 473]
[105, 30, 317]
[102, 30, 292]
[102, 33, 252]
[102, 36, 266]
[102, 39, 291]
[102, 42, 284]
[102, 45, 294]
[102, 48, 310]
[102, 51, 298]
[102, 54, 301]
[102, 57, 283]
[102, 60, 300]
[102, 63, 280]
[102, 66, 260]
[102, 69, 217]
[102, 72, 288]
[102, 75, 235]
[102, 78, 239]
[102, 81, 223]
[102, 84, 228]
[102, 87, 226]
[102, 90, 229]
[102, 93, 239]
[102, 96, 222]
[102, 99, 222]
[102, 102, 222]
[102, 105, 196]
[102, 108, 214]
[102, 111, 212]
[102, 114, 195]
[102, 117, 150]
[102, 120, 154]
[99, 120, 154]
[99, 117, 147]
[99, 114, 150]
[99, 111, 202]
[99, 108, 214]
[99, 105, 213]
[99, 102, 269]
[99, 99, 218]
[99, 96, 228]
[99, 93, 242]
[99, 90, 255]
[99, 87, 243]
[99, 84, 275]
[99, 81, 295]
[99, 78, 238]
[99, 75, 236]
[99, 72, 244]
[99, 69, 257]
[99, 66, 256]
[99, 63, 281]
[99, 60, 298]
[99, 57, 300]
[99, 54, 305]
[99, 51, 316]
[99, 48, 320]
[99, 45, 313]
[99, 42, 309]
[99, 39, 304]
[99, 36, 292]
[99, 33, 275]
[99, 30, 261]
[96, 30, 280]
[96, 33, 273]
[96, 36, 301]
[96, 39, 305]
[96, 42, 313]
[96, 45, 321]
[96, 48, 327]
[96, 51, 312]
[96, 54, 317]
[96, 57, 316]
[96, 60, 304]
[96, 63, 288]
[96, 66, 280]
[96, 69, 258]
[96, 72, 309]
[96, 75, 251]
[96, 78, 257]
[96, 81, 300]
[96, 84, 366]
[96, 87, 328]
[96, 90, 302]
[96, 93, 408]
[96, 96, 377]
[96, 99, 320]
[96, 102, 233]
[96, 105, 333]
[96, 108, 321]
[96, 111, 218]
[96, 114, 236]
[96, 117, 139]
[96, 120, 137]
[93, 120, 147]
[93, 117, 145]
[93, 114, 137]
[93, 111, 211]
[93, 108, 219]
[93, 105, 210]
[93, 102, 223]
[93, 99, 207]
[93, 96, 267]
[93, 93, 276]
[93, 90, 318]
[93, 87, 319]
[93, 84, 331]
[93, 81, 332]
[93, 78, 345]
[93, 75, 304]
[93, 72, 307]
[93, 69, 294]
[93, 66, 288]
[93, 63, 318]
[93, 60, 300]
[93, 57, 369]
[93, 54, 320]
[93, 51, 321]
[93, 48, 325]
[93, 45, 311]
[93, 42, 320]
[93, 39, 313]
[93, 36, 315]
[93, 33, 304]
[93, 30, 320]
[90, 30, 300]
[90, 33, 311]
[90, 36, 304]
[90, 39, 321]
[90, 42, 316]
[90, 45, 331]
[90, 48, 321]
[90, 51, 329]
[90, 54, 323]
[90, 57, 326]
[90, 60, 365]
[90, 63, 321]
[90, 66, 298]
[90, 69, 300]
[90, 72, 323]
[90, 75, 321]
[90, 78, 289]
[90, 81, 339]
[90, 84, 338]
[90, 87, 395]
[90, 90, 329]
[90, 93, 338]
[90, 96, 295]
[90, 99, 253]
[90, 102, 204]
[90, 105, 226]
[90, 108, 202]
[90, 111, 226]
[90, 114, 254]
[90, 117, 120]
[90, 120, 138]
[87, 120, 201]
[87, 117, 120]
[87, 114, 141]
[87, 111, 187]
[87, 108, 225]
[87, 105, 200]
[87, 102, 223]
[87, 99, 190]
[87, 96, 263]
[87, 93, 288]
[87, 90, 321]
[87, 87, 322]
[87, 84, 331]
[87, 81, 343]
[87, 78, 500]
[87, 75, 431]
[87, 72, 308]
[87, 69, 429]
[87, 66, 299]
[87, 63, 298]
[87, 60, 331]
[87, 57, 327]
[87, 54, 328]
[87, 51, 328]
[87, 48, 329]
[87, 45, 321]
[87, 42, 334]
[87, 39, 313]
[87, 36, 360]
[87, 33, 304]
[87, 30, 300]
[84, 30, 300]
[84, 33, 301]
[84, 36, 305]
[84, 39, 315]
[84, 42, 319]
[84, 45, 320]
[84, 48, 321]
[84, 51, 325]
[84, 54, 327]
[84, 57, 326]
[84, 60, 371]
[84, 63, 308]
[84, 66, 300]
[84, 69, 286]
[84, 72, 292]
[84, 75, 349]
[84, 78, 276]
[84, 81, 349]
[84, 84, 326]
[84, 87, 320]
[84, 90, 312]
[84, 93, 296]
[84, 96, 280]
[84, 99, 215]
[84, 102, 241]
[84, 105, 228]
[84, 108, 201]
[84, 111, 214]
[84, 114, 184]
[84, 117, 127]
[84, 120, 193]
[81, 120, 117]
[81, 117, 131]
[81, 114, 142]
[81, 111, 193]
[81, 108, 210]
[81, 105, 220]
[81, 102, 205]
[81, 99, 269]
[81, 96, 234]
[81, 93, 256]
[81, 90, 280]
[81, 87, 284]
[81, 84, 335]
[81, 81, 271]
[81, 78, 235]
[81, 75, 235]
[81, 72, 254]
[81, 69, 259]
[81, 66, 317]
[81, 63, 301]
[81, 60, 309]
[81, 57, 319]
[81, 54, 313]
[81, 51, 337]
[81, 48, 337]
[81, 45, 325]
[81, 42, 318]
[81, 39, 315]
[81, 36, 315]
[81, 33, 339]
[81, 30, 297]
[78, 30, 295]
[78, 33, 292]
[78, 36, 290]
[78, 39, 313]
[78, 42, 314]
[78, 45, 311]
[78, 48, 344]
[78, 51, 403]
[78, 54, 320]
[78, 57, 313]
[78, 60, 435]
[78, 63, 299]
[78, 66, 289]
[78, 69, 255]
[78, 72, 276]
[78, 75, 276]
[78, 78, 246]
[78, 81, 237]
[78, 84, 241]
[78, 87, 287]
[78, 90, 234]
[78, 93, 231]
[78, 96, 227]
[78, 99, 228]
[78, 102, 222]
[78, 105, 287]
[78, 108, 209]
[78, 111, 205]
[78, 114, 178]
[78, 117, 123]
[78, 120, 130]
[75, 120, 116]
[75, 117, 126]
[75, 114, 129]
[75, 111, 247]
[75, 108, 201]
[75, 105, 218]
[75, 102, 232]
[75, 99, 225]
[75, 96, 233]
[75, 93, 221]
[75, 90, 231]
[75, 87, 230]
[75, 84, 236]
[75, 81, 238]
[75, 78, 249]
[75, 75, 272]
[75, 72, 234]
[75, 69, 189]
[75, 66, 255]
[75, 63, 295]
[75, 60, 309]
[75, 57, 345]
[75, 54, 309]
[75, 51, 316]
[75, 48, 318]
[75, 45, 312]
[75, 42, 319]
[75, 39, 334]
[75, 36, 308]
[75, 33, 292]
[75, 30, 275]
[72, 30, 309]
[72, 33, 292]
[72, 36, 293]
[72, 39, 306]
[72, 42, 307]
[72, 45, 324]
[72, 48, 319]
[72, 51, 312]
[72, 54, 312]
[72, 57, 301]
[72, 60, 285]
[72, 63, 291]
[72, 66, 275]
[72, 69, 197]
[72, 72, 230]
[72, 75, 234]
[72, 78, 239]
[72, 81, 236]
[72, 84, 237]
[72, 87, 230]
[72, 90, 235]
[72, 93, 226]
[72, 96, 222]
[72, 99, 207]
[72, 102, 220]
[72, 105, 202]
[72, 108, 209]
[72, 111, 192]
[72, 114, 129]
[72, 117, 129]
[72, 120, 113]
[69, 120, 114]
[69, 117, 115]
[69, 114, 120]
[69, 111, 192]
[69, 108, 267]
[69, 105, 215]
[69, 102, 383]
[69, 99, 205]
[69, 96, 201]
[69, 93, 227]
[69, 90, 222]
[69, 87, 255]
[69, 84, 287]
[69, 81, 224]
[69, 78, 231]
[69, 75, 234]
[69, 72, 207]
[69, 69, 213]
[69, 66, 193]
[69, 63, 317]
[69, 60, 288]
[69, 57, 297]
[69, 54, 300]
[69, 51, 299]
[69, 48, 304]
[69, 45, 314]
[69, 42, 289]
[69, 39, 291]
[69, 36, 301]
[69, 33, 291]
[69, 30, 295]
[66, 30, 266]
[66, 33, 280]
[66, 36, 276]
[66, 39, 285]
[66, 42, 292]
[66, 45, 297]
[66, 48, 296]
[66, 51, 290]
[66, 54, 292]
[66, 57, 297]
[66, 60, 293]
[66, 63, 279]
[66, 66, 217]
[66, 69, 213]
[66, 72, 264]
[66, 75, 235]
[66, 78, 231]
[66, 81, 231]
[66, 84, 225]
[66, 87, 228]
[66, 90, 222]
[66, 93, 231]
[66, 96, 213]
[66, 99, 218]
[66, 102, 210]
[66, 105, 201]
[66, 108, 208]
[66, 111, 189]
[66, 114, 168]
[66, 117, 125]
[66, 120, 125]
[63, 120, 115]
[63, 117, 104]
[63, 114, 132]
[63, 111, 129]
[63, 108, 183]
[63, 105, 210]
[63, 102, 255]
[63, 99, 209]
[63, 96, 214]
[63, 93, 213]
[63, 90, 224]
[63, 87, 209]
[63, 84, 226]
[63, 81, 200]
[63, 78, 226]
[63, 75, 227]
[63, 72, 226]
[63, 69, 230]
[63, 66, 218]
[63, 63, 235]
[63, 60, 243]
[63, 57, 252]
[63, 54, 286]
[63, 51, 284]
[63, 48, 294]
[63, 45, 332]
[63, 42, 344]
[63, 39, 393]
[63, 36, 387]
[63, 33, 261]
[63, 30, 400]
[60, 30, 292]
[60, 33, 284]
[60, 36, 310]
[60, 39, 270]
[60, 42, 289]
[60, 45, 271]
[60, 48, 304]
[60, 51, 251]
[60, 54, 239]
[60, 57, 215]
[60, 60, 215]
[60, 63, 226]
[60, 66, 217]
[60, 69, 267]
[60, 72, 216]
[60, 75, 222]
[60, 78, 222]
[60, 81, 223]
[60, 84, 220]
[60, 87, 222]
[60, 90, 227]
[60, 93, 208]
[60, 96, 218]
[60, 99, 214]
[60, 102, 207]
[60, 105, 209]
[60, 108, 205]
[60, 111, 128]
[60, 114, 124]
[60, 117, 137]
[60, 120, 130]
[57, 120, 176]
[57, 117, 132]
[57, 114, 147]
[57, 111, 132]
[57, 108, 155]
[57, 105, 209]
[57, 102, 201]
[57, 99, 194]
[57, 96, 205]
[57, 93, 215]
[57, 90, 264]
[57, 87, 214]
[57, 84, 214]
[57, 81, 228]
[57, 78, 218]
[57, 75, 218]
[57, 72, 218]
[57, 69, 215]
[57, 66, 194]
[57, 63, 217]
[57, 60, 221]
[57, 57, 208]
[57, 54, 209]
[57, 51, 207]
[57, 48, 218]
[57, 45, 226]
[57, 42, 202]
[57, 39, 193]
[57, 36, 210]
[57, 33, 267]
[57, 30, 286]
[54, 30, 260]
[54, 33, 228]
[54, 36, 187]
[54, 39, 183]
[54, 42, 201]
[54, 45, 197]
[54, 48, 202]
[54, 51, 212]
[54, 54, 210]
[54, 57, 274]
[54, 60, 208]
[54, 63, 209]
[54, 66, 215]
[54, 69, 212]
[54, 72, 218]
[54, 75, 271]
[54, 78, 212]
[54, 81, 210]
[54, 84, 209]
[54, 87, 212]
[54, 90, 214]
[54, 93, 215]
[54, 96, 208]
[54, 99, 260]
[54, 102, 202]
[54, 105, 294]
[54, 108, 308]
[54, 111, 200]
[54, 114, 234]
[54, 117, 217]
[54, 120, 229]
[51, 120, 133]
[51, 117, 162]
[51, 114, 139]
[51, 111, 162]
[51, 108, 255]
[51, 105, 176]
[51, 102, 197]
[51, 99, 201]
[51, 96, 195]
[51, 93, 205]
[51, 90, 261]
[51, 87, 210]
[51, 84, 206]
[51, 81, 211]
[51, 78, 201]
[51, 75, 255]
[51, 72, 205]
[51, 69, 214]
[51, 66, 214]
[51, 63, 215]
[51, 60, 214]
[51, 57, 209]
[51, 54, 205]
[51, 51, 201]
[51, 48, 206]
[51, 45, 204]
[51, 42, 218]
[51, 39, 239]
[51, 36, 162]
[51, 33, 185]
[51, 30, 201]
[48, 30, 502]
[48, 33, 422]
[48, 36, 329]
[48, 39, 222]
[48, 42, 237]
[48, 45, 193]
[48, 48, 246]
[48, 51, 189]
[48, 54, 201]
[48, 57, 202]
[48, 60, 197]
[48, 63, 213]
[48, 66, 193]
[48, 69, 252]
[48, 72, 214]
[48, 75, 206]
[48, 78, 194]
[48, 81, 184]
[48, 84, 214]
[48, 87, 201]
[48, 90, 192]
[48, 93, 193]
[48, 96, 206]
[48, 99, 203]
[48, 102, 197]
[48, 105, 195]
[48, 108, 197]
[48, 111, 164]
[48, 114, 155]
[48, 117, 171]
[48, 120, 155]
[45, 120, 165]
[45, 117, 162]
[45, 114, 184]
[45, 111, 226]
[45, 108, 156]
[45, 105, 146]
[45, 102, 185]
[45, 99, 195]
[45, 96, 189]
[45, 93, 203]
[45, 90, 192]
[45, 87, 201]
[45, 84, 198]
[45, 81, 207]
[45, 78, 205]
[45, 75, 201]
[45, 72, 244]
[45, 69, 202]
[45, 66, 198]
[45, 63, 199]
[45, 60, 189]
[45, 57, 231]
[45, 54, 237]
[45, 51, 201]
[45, 48, 178]
[45, 45, 259]
[45, 42, 346]
[45, 39, 443]
[45, 36, 400]
[45, 33, 433]
[45, 30, 454]
[42, 30, 475]
[42, 33, 451]
[42, 36, 430]
[42, 39, 406]
[42, 42, 377]
[42, 45, 357]
[42, 48, 319]
[42, 51, 263]
[42, 54, 176]
[42, 57, 193]
[42, 60, 197]
[42, 63, 192]
[42, 66, 195]
[42, 69, 198]
[42, 72, 205]
[42, 75, 178]
[42, 78, 189]
[42, 81, 197]
[42, 84, 193]
[42, 87, 199]
[42, 90, 200]
[42, 93, 194]
[42, 96, 250]
[42, 99, 197]
[42, 102, 194]
[42, 105, 145]
[42, 108, 148]
[42, 111, 173]
[42, 114, 154]
[42, 117, 185]
[42, 120, 195]
