[132, 30, 517]
[132, 39, 483]
[132, 48, 421]
[132, 57, 290]
[132, 66, 239]
[132, 75, 251]
[132, 84, 298]
[132, 93, 251]
[132, 102, 188]
[132, 111, 172]
[132, 120, 163]
[123, 120, 158]
[123, 111, 164]
[123, 102, 191]
[123, 93, 202]
[123, 84, 209]
[123, 75, 310]
[123, 66, 210]
[123, 57, 361]
[123, 48, 422]
[123, 39, 471]
[123, 30, 506]
[114, 30, 496]
[114, 39, 475]
[114, 48, 422]
[114, 57, 281]
[114, 66, 197]
[114, 75, 250]
[114, 84, 201]
[114, 93, 200]
[114, 102, 195]
[114, 111, 177]
[114, 120, 164]
[105, 120, 160]
[105, 111, 229]
[105, 102, 189]
[105, 93, 357]
[105, 84, 433]
[105, 75, 194]
[105, 66, 197]
[105, 57, 247]
[105, 48, 429]
[105, 39, 408]
[105, 30, 428]
[96, 30, 475]
[96, 39, 514]
[96, 48, 390]
[96, 57, 247]
[96, 66, 197]
[96, 75, 451]
[96, 84, 437]
[96, 93, 183]
[96, 102, 169]
[96, 111, 163]
[96, 120, 149]
[87, 120, 176]
[87, 111, 162]
[87, 102, 183]
[87, 93, 194]
[87, 84, 158]
[87, 75, 434]
[87, 66, 445]
[87, 57, 451]
[87, 48, 430]
[87, 39, 464]
[87, 30, 520]
[78, 30, 538]
[78, 39, 476]
[78, 48, 397]
[78, 57, 349]
[78, 66, 246]
[78, 75, 178]
[78, 84, 185]
[78, 93, 172]
[78, 102, 163]
[78, 111, 150]
[78, 120, 134]
[69, 120, 129]
[69, 111, 136]
[69, 102, 191]
[69, 93, 163]
[69, 84, 163]
[69, 75, 158]
[69, 66, 158]
[69, 57, 342]
[69, 48, 453]
[69, 39, 506]
[69, 30, 558]
[60, 30, 557]
[60, 39, 572]
[60, 48, 462]
[60, 57, 332]
[60, 66, 137]
[60, 75, 158]
[60, 84, 205]
[60, 93, 165]
[60, 102, 153]
[60, 111, 137]
[60, 120, 136]
[51, 120, 137]
[51, 111, 138]
[51, 102, 150]
[51, 93, 184]
[51, 84, 177]
[51, 75, 166]
[51, 66, 154]
[51, 57, 292]
[51, 48, 438]
[51, 39, 516]
[51, 30, 552]
[42, 30, 558]
[42, 39, 550]
[42, 48, 464]
[42, 57, 343]
[42, 66, 195]
[42, 75, 163]
[42, 84, 180]
[42, 93, 214]
[42, 102, 153]
[42, 111, 138]
[42, 120, 115]
