[132, 30, 560]
[132, 39, 524]
[132, 48, 464]
[132, 57, 328]
[132, 66, 235]
[132, 75, 308]
[132, 84, 277]
[132, 93, 254]
[132, 102, 163]
[132, 111, 141]
[132, 120, 137]
[123, 120, 136]
[123, 111, 138]
[123, 102, 154]
[123, 93, 184]
[123, 84, 269]
[123, 75, 222]
[123, 66, 224]
[123, 57, 293]
[123, 48, 422]
[123, 39, 562]
[123, 30, 533]
[114, 30, 555]
[114, 39, 525]
[114, 48, 458]
[114, 57, 333]
[114, 66, 237]
[114, 75, 201]
[114, 84, 211]
[114, 93, 181]
[114, 102, 162]
[114, 111, 197]
[114, 120, 136]
[105, 120, 133]
[105, 111, 146]
[105, 102, 154]
[105, 93, 407]
[105, 84, 447]
[105, 75, 180]
[105, 66, 181]
[105, 57, 301]
[105, 48, 452]
[105, 39, 652]
[105, 30, 523]
[96, 30, 545]
[96, 39, 527]
[96, 48, 615]
[96, 57, 394]
[96, 66, 231]
[96, 75, 537]
[96, 84, 439]
[96, 93, 412]
[96, 102, 343]
[96, 111, 158]
[96, 120, 143]
[87, 120, 137]
[87, 111, 145]
[87, 102, 200]
[87, 93, 394]
[87, 84, 429]
[87, 75, 439]
[87, 66, 450]
[87, 57, 445]
[87, 48, 462]
[87, 39, 512]
[87, 30, 517]
[78, 30, 552]
[78, 39, 519]
[78, 48, 449]
[78, 57, 342]
[78, 66, 290]
[78, 75, 431]
[78, 84, 389]
[78, 93, 172]
[78, 102, 174]
[78, 111, 152]
[78, 120, 129]
[69, 120, 137]
[69, 111, 185]
[69, 102, 168]
[69, 93, 182]
[69, 84, 169]
[69, 75, 168]
[69, 66, 213]
[69, 57, 275]
[69, 48, 430]
[69, 39, 492]
[69, 30, 542]
[60, 30, 546]
[60, 39, 570]
[60, 48, 422]
[60, 57, 317]
[60, 66, 166]
[60, 75, 164]
[60, 84, 180]
[60, 93, 202]
[60, 102, 167]
[60, 111, 149]
[60, 120, 137]
[51, 120, 136]
[51, 111, 199]
[51, 102, 158]
[51, 93, 190]
[51, 84, 193]
[51, 75, 176]
[51, 66, 204]
[51, 57, 285]
[51, 48, 425]
[51, 39, 503]
[51, 30, 534]
[42, 30, 538]
[42, 39, 574]
[42, 48, 451]
[42, 57, 315]
[42, 66, 201]
[42, 75, 176]
[42, 84, 269]
[42, 93, 201]
[42, 102, 166]
[42, 111, 149]
[42, 120, 137]
