[132, 30, 599]
[132, 39, 686]
[132, 48, 454]
[132, 57, 311]
[132, 66, 345]
[132, 75, 390]
[132, 84, 311]
[132, 93, 255]
[132, 102, 188]
[132, 111, 165]
[132, 120, 148]
[123, 120, 189]
[123, 111, 149]
[123, 102, 170]
[123, 93, 201]
[123, 84, 231]
[123, 75, 217]
[123, 66, 228]
[123, 57, 276]
[123, 48, 420]
[123, 39, 494]
[123, 30, 538]
[114, 30, 597]
[114, 39, 536]
[114, 48, 470]
[114, 57, 324]
[114, 66, 189]
[114, 75, 197]
[114, 84, 255]
[114, 93, 201]
[114, 102, 163]
[114, 111, 142]
[114, 120, 132]
[105, 120, 139]
[105, 111, 152]
[105, 102, 163]
[105, 93, 400]
[105, 84, 442]
[105, 75, 223]
[105, 66, 184]
[105, 57, 315]
[105, 48, 418]
[105, 39, 492]
[105, 30, 552]
[96, 30, 560]
[96, 39, 531]
[96, 48, 459]
[96, 57, 324]
[96, 66, 218]
[96, 75, 510]
[96, 84, 444]
[96, 93, 392]
[96, 102, 158]
[96, 111, 141]
[96, 120, 141]
[87, 120, 136]
[87, 111, 146]
[87, 102, 163]
[87, 93, 168]
[87, 84, 391]
[87, 75, 441]
[87, 66, 452]
[87, 57, 447]
[87, 48, 461]
[87, 39, 557]
[87, 30, 541]
[78, 30, 561]
[78, 39, 524]
[78, 48, 454]
[78, 57, 336]
[78, 66, 343]
[78, 75, 283]
[78, 84, 159]
[78, 93, 173]
[78, 102, 164]
[78, 111, 191]
[78, 120, 132]
[69, 120, 137]
[69, 111, 141]
[69, 102, 160]
[69, 93, 176]
[69, 84, 161]
[69, 75, 168]
[69, 66, 176]
[69, 57, 301]
[69, 48, 465]
[69, 39, 515]
[69, 30, 537]
[60, 30, 553]
[60, 39, 527]
[60, 48, 436]
[60, 57, 391]
[60, 66, 149]
[60, 75, 167]
[60, 84, 172]
[60, 93, 167]
[60, 102, 211]
[60, 111, 199]
[60, 120, 138]
[51, 120, 128]
[51, 111, 128]
[51, 102, 155]
[51, 93, 183]
[51, 84, 190]
[51, 75, 164]
[51, 66, 136]
[51, 57, 300]
[51, 48, 430]
[51, 39, 513]
[51, 30, 542]
[42, 30, 541]
[42, 39, 576]
[42, 48, 449]
[42, 57, 339]
[42, 66, 210]
[42, 75, 172]
[42, 84, 242]
[42, 93, 192]
[42, 102, 159]
[42, 111, 137]
[42, 120, 132]
