[42, 30, 554]
[42, 35, 526]
[42, 40, 519]
[42, 45, 482]
[42, 50, 422]
[42, 55, 447]
[42, 60, 417]
[42, 65, 310]
[42, 70, 256]
[42, 75, 251]
[42, 80, 238]
[42, 85, 197]
[42, 90, 19]
[42, 95, 9]
[42, 100, 7]
[42, 105, 6]
[42, 110, 4]
[42, 115, 5]
[42, 120, 206]
[47, 120, 208]
[47, 115, 204]
[47, 110, 213]
[47, 105, 204]
[47, 100, 57]
[47, 95, 33]
[47, 90, 9]
[47, 85, 55]
[47, 80, 226]
[47, 75, 255]
[47, 70, 263]
[47, 65, 306]
[47, 60, 420]
[47, 55, 449]
[47, 50, 478]
[47, 45, 383]
[47, 40, 451]
[47, 35, 503]
[47, 30, 545]
[52, 30, 548]
[52, 35, 524]
[52, 40, 610]
[52, 45, 397]
[52, 50, 449]
[52, 55, 426]
[52, 60, 533]
[52, 65, 543]
[52, 70, 403]
[52, 75, 352]
[52, 80, 283]
[52, 85, 4]
[52, 90, 5]
[52, 95, 57]
[52, 100, 63]
[52, 105, 216]
[52, 110, 197]
[52, 115, 208]
[52, 120, 207]
[57, 120, 209]
[57, 115, 214]
[57, 110, 212]
[57, 105, 209]
[57, 100, 236]
[57, 95, 107]
[57, 90, 87]
[57, 85, 59]
[57, 80, 84]
[57, 75, 209]
[57, 70, 225]
[57, 65, 355]
[57, 60, 388]
[57, 55, 403]
[57, 50, 436]
[57, 45, 418]
[57, 40, 466]
[57, 35, 499]
[57, 30, 519]
[62, 30, 542]
[62, 35, 519]
[62, 40, 471]
[62, 45, 373]
[62, 50, 433]
[62, 55, 369]
[62, 60, 376]
[62, 65, 404]
[62, 70, 366]
[62, 75, 29]
[62, 80, 71]
[62, 85, 62]
[62, 90, 43]
[62, 95, 125]
[62, 100, 203]
[62, 105, 211]
[62, 110, 209]
[62, 115, 215]
[62, 120, 263]
[67, 120, 205]
[67, 115, 214]
[67, 110, 210]
[67, 105, 209]
[67, 100, 210]
[67, 95, 112]
[67, 90, 145]
[67, 85, 93]
[67, 80, 89]
[67, 75, 275]
[67, 70, 344]
[67, 65, 365]
[67, 60, 369]
[67, 55, 360]
[67, 50, 436]
[67, 45, 420]
[67, 40, 484]
[67, 35, 499]
[67, 30, 545]
[72, 30, 567]
[72, 35, 544]
[72, 40, 468]
[72, 45, 373]
[72, 50, 426]
[72, 55, 456]
[72, 60, 378]
[72, 65, 360]
[72, 70, 355]
[72, 75, 308]
[72, 80, 109]
[72, 85, 381]
[72, 90, 403]
[72, 95, 331]
[72, 100, 262]
[72, 105, 213]
[72, 110, 209]
[72, 115, 215]
[72, 120, 247]
[77, 120, 205]
[77, 115, 188]
[77, 110, 205]
[77, 105, 396]
[77, 100, 378]
[77, 95, 427]
[77, 90, 446]
[77, 85, 453]
[77, 80, 469]
[77, 75, 465]
[77, 70, 352]
[77, 65, 332]
[77, 60, 345]
[77, 55, 344]
[77, 50, 373]
[77, 45, 408]
[77, 40, 583]
[77, 35, 648]
[77, 30, 556]
[82, 30, 563]
[82, 35, 656]
[82, 40, 537]
[82, 45, 427]
[82, 50, 412]
[82, 55, 373]
[82, 60, 329]
[82, 65, 430]
[82, 70, 485]
[82, 75, 493]
[82, 80, 484]
[82, 85, 472]
[82, 90, 432]
[82, 95, 454]
[82, 100, 363]
[82, 105, 291]
[82, 110, 234]
[82, 115, 215]
[82, 120, 243]
[87, 120, 197]
[87, 115, 209]
[87, 110, 210]
[87, 105, 356]
[87, 100, 337]
[87, 95, 447]
[87, 90, 486]
[87, 85, 483]
[87, 80, 510]
[87, 75, 488]
[87, 70, 484]
[87, 65, 496]
[87, 60, 356]
[87, 55, 339]
[87, 50, 408]
[87, 45, 412]
[87, 40, 449]
[87, 35, 484]
[87, 30, 532]
[92, 30, 550]
[92, 35, 519]
[92, 40, 468]
[92, 45, 392]
[92, 50, 404]
[92, 55, 376]
[92, 60, 314]
[92, 65, 440]
[92, 70, 487]
[92, 75, 484]
[92, 80, 476]
[92, 85, 469]
[92, 90, 482]
[92, 95, 440]
[92, 100, 340]
[92, 105, 341]
[92, 110, 213]
[92, 115, 206]
[92, 120, 209]
[97, 120, 192]
[97, 115, 209]
[97, 110, 219]
[97, 105, 242]
[97, 100, 342]
[97, 95, 427]
[97, 90, 448]
[97, 85, 430]
[97, 80, 457]
[97, 75, 473]
[97, 70, 377]
[97, 65, 325]
[97, 60, 314]
[97, 55, 362]
[97, 50, 422]
[97, 45, 390]
[97, 40, 446]
[97, 35, 499]
[97, 30, 524]
[102, 30, 544]
[102, 35, 517]
[102, 40, 470]
[102, 45, 413]
[102, 50, 408]
[102, 55, 353]
[102, 60, 333]
[102, 65, 333]
[102, 70, 313]
[102, 75, 210]
[102, 80, 353]
[102, 85, 337]
[102, 90, 379]
[102, 95, 344]
[102, 100, 291]
[102, 105, 214]
[102, 110, 205]
[102, 115, 211]
[102, 120, 205]
[107, 120, 192]
[107, 115, 205]
[107, 110, 205]
[107, 105, 205]
[107, 100, 218]
[107, 95, 201]
[107, 90, 172]
[107, 85, 208]
[107, 80, 205]
[107, 75, 206]
[107, 70, 225]
[107, 65, 435]
[107, 60, 454]
[107, 55, 457]
[107, 50, 373]
[107, 45, 387]
[107, 40, 424]
[107, 35, 483]
[107, 30, 547]
[112, 30, 546]
[112, 35, 515]
[112, 40, 472]
[112, 45, 420]
[112, 50, 340]
[112, 55, 344]
[112, 60, 324]
[112, 65, 328]
[112, 70, 218]
[112, 75, 205]
[112, 80, 210]
[112, 85, 209]
[112, 90, 210]
[112, 95, 211]
[112, 100, 215]
[112, 105, 211]
[112, 110, 212]
[112, 115, 209]
[112, 120, 209]
[117, 120, 192]
[117, 115, 200]
[117, 110, 208]
[117, 105, 205]
[117, 100, 209]
[117, 95, 209]
[117, 90, 205]
[117, 85, 112]
[117, 80, 111]
[117, 75, 115]
[117, 70, 94]
[117, 65, 300]
[117, 60, 320]
[117, 55, 357]
[117, 50, 341]
[117, 45, 397]
[117, 40, 431]
[117, 35, 472]
[117, 30, 525]
[122, 30, 541]
[122, 35, 520]
[122, 40, 482]
[122, 45, 460]
[122, 50, 365]
[122, 55, 340]
[122, 60, 324]
[122, 65, 296]
[122, 70, 180]
[122, 75, 205]
[122, 80, 210]
[122, 85, 200]
[122, 90, 214]
[122, 95, 213]
[122, 100, 205]
[122, 105, 202]
[122, 110, 218]
[122, 115, 223]
[122, 120, 200]
[127, 120, 208]
[127, 115, 213]
[127, 110, 218]
[127, 105, 213]
[127, 100, 214]
[127, 95, 209]
[127, 90, 215]
[127, 85, 221]
[127, 80, 213]
[127, 75, 211]
[127, 70, 179]
[127, 65, 251]
[127, 60, 344]
[127, 55, 380]
[127, 50, 352]
[127, 45, 424]
[127, 40, 459]
[127, 35, 499]
[127, 30, 526]
[132, 30, 539]
[132, 35, 518]
[132, 40, 479]
[132, 45, 416]
[132, 50, 385]
[132, 55, 304]
[132, 60, 325]
[132, 65, 292]
[132, 70, 185]
[132, 75, 214]
[132, 80, 215]
[132, 85, 205]
[132, 90, 218]
[132, 95, 205]
[132, 100, 239]
[132, 105, 196]
[132, 110, 200]
[132, 115, 205]
[132, 120, 205]
