[132, 30, 564]
[132, 35, 538]
[132, 40, 511]
[132, 45, 446]
[132, 50, 370]
[132, 55, 427]
[132, 60, 396]
[132, 65, 311]
[132, 70, 261]
[132, 75, 256]
[132, 80, 235]
[132, 85, 40]
[132, 90, 88]
[132, 95, 106]
[132, 100, 62]
[132, 105, 77]
[132, 110, 59]
[132, 115, 82]
[132, 120, 161]
[127, 120, 209]
[127, 115, 210]
[127, 110, 181]
[127, 105, 225]
[127, 100, 213]
[127, 95, 213]
[127, 90, 210]
[127, 85, 221]
[127, 80, 157]
[127, 75, 227]
[127, 70, 258]
[127, 65, 267]
[127, 60, 489]
[127, 55, 557]
[127, 50, 593]
[127, 45, 513]
[127, 40, 536]
[127, 35, 518]
[127, 30, 541]
[122, 30, 574]
[122, 35, 508]
[122, 40, 462]
[122, 45, 402]
[122, 50, 428]
[122, 55, 387]
[122, 60, 367]
[122, 65, 343]
[122, 70, 186]
[122, 75, 203]
[122, 80, 201]
[122, 85, 187]
[122, 90, 212]
[122, 95, 216]
[122, 100, 213]
[122, 105, 205]
[122, 110, 221]
[122, 115, 201]
[122, 120, 184]
[117, 120, 132]
[117, 115, 119]
[117, 110, 94]
[117, 105, 96]
[117, 100, 73]
[117, 95, 104]
[117, 90, 130]
[117, 85, 113]
[117, 80, 177]
[117, 75, 112]
[117, 70, 80]
[117, 65, 382]
[117, 60, 420]
[117, 55, 391]
[117, 50, 415]
[117, 45, 432]
[117, 40, 461]
[117, 35, 492]
[117, 30, 538]
[112, 30, 551]
[112, 35, 526]
[112, 40, 475]
[112, 45, 374]
[112, 50, 439]
[112, 55, 357]
[112, 60, 364]
[112, 65, 368]
[112, 70, 337]
[112, 75, 73]
[112, 80, 81]
[112, 85, 86]
[112, 90, 74]
[112, 95, 143]
[112, 100, 81]
[112, 105, 154]
[112, 110, 130]
[112, 115, 104]
[112, 120, 85]
[107, 120, 19]
[107, 115, 40]
[107, 110, 35]
[107, 105, 44]
[107, 100, 31]
[107, 95, 8]
[107, 90, 95]
[107, 85, 35]
[107, 80, 14]
[107, 75, 90]
[107, 70, 332]
[107, 65, 359]
[107, 60, 363]
[107, 55, 350]
[107, 50, 409]
[107, 45, 482]
[107, 40, 450]
[107, 35, 489]
[107, 30, 534]
[102, 30, 545]
[102, 35, 516]
[102, 40, 530]
[102, 45, 466]
[102, 50, 584]
[102, 55, 386]
[102, 60, 571]
[102, 65, 565]
[102, 70, 501]
[102, 75, 310]
[102, 80, 181]
[102, 85, 430]
[102, 90, 351]
[102, 95, 281]
[102, 100, 48]
[102, 105, 14]
[102, 110, 29]
[102, 115, 69]
[102, 120, 68]
[97, 120, 103]
[97, 115, 96]
[97, 110, 95]
[97, 105, 134]
[97, 100, 354]
[97, 95, 396]
[97, 90, 448]
[97, 85, 434]
[97, 80, 480]
[97, 75, 476]
[97, 70, 446]
[97, 65, 328]
[97, 60, 343]
[97, 55, 334]
[97, 50, 373]
[97, 45, 466]
[97, 40, 469]
[97, 35, 487]
[97, 30, 532]
[92, 30, 542]
[92, 35, 515]
[92, 40, 474]
[92, 45, 410]
[92, 50, 485]
[92, 55, 375]
[92, 60, 333]
[92, 65, 493]
[92, 70, 488]
[92, 75, 478]
[92, 80, 478]
[92, 85, 503]
[92, 90, 479]
[92, 95, 465]
[92, 100, 395]
[92, 105, 434]
[92, 110, 6]
[92, 115, 44]
[92, 120, 61]
[87, 120, 73]
[87, 115, 89]
[87, 110, 79]
[87, 105, 300]
[87, 100, 372]
[87, 95, 427]
[87, 90, 484]
[87, 85, 473]
[87, 80, 494]
[87, 75, 509]
[87, 70, 508]
[87, 65, 532]
[87, 60, 507]
[87, 55, 327]
[87, 50, 398]
[87, 45, 429]
[87, 40, 440]
[87, 35, 470]
[87, 30, 531]
[82, 30, 561]
[82, 35, 525]
[82, 40, 475]
[82, 45, 400]
[82, 50, 421]
[82, 55, 370]
[82, 60, 329]
[82, 65, 496]
[82, 70, 508]
[82, 75, 493]
[82, 80, 495]
[82, 85, 489]
[82, 90, 497]
[82, 95, 498]
[82, 100, 390]
[82, 105, 433]
[82, 110, 7]
[82, 115, 6]
[82, 120, 5]
[77, 120, 34]
[77, 115, 118]
[77, 110, 108]
[77, 105, 5]
[77, 100, 404]
[77, 95, 449]
[77, 90, 470]
[77, 85, 508]
[77, 80, 464]
[77, 75, 484]
[77, 70, 481]
[77, 65, 377]
[77, 60, 339]
[77, 55, 345]
[77, 50, 352]
[77, 45, 473]
[77, 40, 448]
[77, 35, 488]
[77, 30, 515]
[72, 30, 544]
[72, 35, 520]
[72, 40, 473]
[72, 45, 444]
[72, 50, 365]
[72, 55, 341]
[72, 60, 348]
[72, 65, 342]
[72, 70, 326]
[72, 75, 337]
[72, 80, 419]
[72, 85, 445]
[72, 90, 441]
[72, 95, 403]
[72, 100, 358]
[72, 105, 0]
[72, 110, 5]
[72, 115, 11]
[72, 120, 8]
[67, 120, 7]
[67, 115, 6]
[67, 110, 0]
[67, 105, 5]
[67, 100, 11]
[67, 95, 41]
[67, 90, 286]
[67, 85, 155]
[67, 80, 5]
[67, 75, 35]
[67, 70, 239]
[67, 65, 335]
[67, 60, 352]
[67, 55, 343]
[67, 50, 326]
[67, 45, 345]
[67, 40, 469]
[67, 35, 501]
[67, 30, 534]
[62, 30, 550]
[62, 35, 521]
[62, 40, 473]
[62, 45, 406]
[62, 50, 230]
[62, 55, 391]
[62, 60, 347]
[62, 65, 337]
[62, 70, 182]
[62, 75, 5]
[62, 80, 0]
[62, 85, 15]
[62, 90, 9]
[62, 95, 7]
[62, 100, 5]
[62, 105, 6]
[62, 110, 24]
[62, 115, 13]
[62, 120, 10]
[57, 120, 7]
[57, 115, 5]
[57, 110, 6]
[57, 105, 27]
[57, 100, 12]
[57, 95, 9]
[57, 90, 5]
[57, 85, 6]
[57, 80, 0]
[57, 75, 43]
[57, 70, 11]
[57, 65, 301]
[57, 60, 480]
[57, 55, 321]
[57, 50, 300]
[57, 45, 366]
[57, 40, 483]
[57, 35, 512]
[57, 30, 538]
[52, 30, 546]
[52, 35, 530]
[52, 40, 479]
[52, 45, 422]
[52, 50, 325]
[52, 55, 341]
[52, 60, 322]
[52, 65, 251]
[52, 70, 66]
[52, 75, 6]
[52, 80, 6]
[52, 85, 4]
[52, 90, 5]
[52, 95, 10]
[52, 100, 8]
[52, 105, 7]
[52, 110, 6]
[52, 115, 4]
[52, 120, 35]
[47, 120, 13]
[47, 115, 9]
[47, 110, 7]
[47, 105, 6]
[47, 100, 5]
[47, 95, 0]
[47, 90, 5]
[47, 85, 9]
[47, 80, 7]
[47, 75, 6]
[47, 70, 6]
[47, 65, 90]
[47, 60, 317]
[47, 55, 287]
[47, 50, 305]
[47, 45, 392]
[47, 40, 455]
[47, 35, 505]
[47, 30, 538]
[42, 30, 585]
[42, 35, 544]
[42, 40, 497]
[42, 45, 434]
[42, 50, 356]
[42, 55, 284]
[42, 60, 293]
[42, 65, 165]
[42, 70, 51]
[42, 75, 11]
[42, 80, 5]
[42, 85, 7]
[42, 90, 6]
[42, 95, 6]
[42, 100, 0]
[42, 105, 13]
[42, 110, 9]
[42, 115, 5]
[42, 120, 6]
