[42, 30, 206]
[42, 35, 259]
[42, 40, 239]
[42, 45, 213]
[42, 50, 176]
[42, 55, 194]
[42, 60, 209]
[42, 65, 177]
[42, 70, 155]
[42, 75, 89]
[42, 80, 110]
[42, 85, 152]
[42, 90, 120]
[42, 95, 141]
[42, 100, 141]
[42, 105, 151]
[42, 110, 187]
[42, 115, 158]
[42, 120, 175]
[47, 120, 132]
[47, 115, 183]
[47, 110, 136]
[47, 105, 183]
[47, 100, 172]
[47, 95, 138]
[47, 90, 165]
[47, 85, 119]
[47, 80, 123]
[47, 75, 123]
[47, 70, 99]
[47, 65, 135]
[47, 60, 154]
[47, 55, 187]
[47, 50, 171]
[47, 45, 236]
[47, 40, 246]
[47, 35, 243]
[47, 30, 233]
[52, 30, 232]
[52, 35, 218]
[52, 40, 250]
[52, 45, 250]
[52, 50, 211]
[52, 55, 188]
[52, 60, 198]
[52, 65, 152]
[52, 70, 172]
[52, 75, 165]
[52, 80, 149]
[52, 85, 138]
[52, 90, 145]
[52, 95, 145]
[52, 100, 152]
[52, 105, 144]
[52, 110, 169]
[52, 115, 166]
[52, 120, 158]
[57, 120, 160]
[57, 115, 190]
[57, 110, 218]
[57, 105, 133]
[57, 100, 135]
[57, 95, 108]
[57, 90, 115]
[57, 85, 114]
[57, 80, 124]
[57, 75, 108]
[57, 70, 159]
[57, 65, 145]
[57, 60, 126]
[57, 55, 163]
[57, 50, 141]
[57, 45, 176]
[57, 40, 200]
[57, 35, 210]
[57, 30, 231]
[62, 30, 242]
[62, 35, 222]
[62, 40, 175]
[62, 45, 173]
[62, 50, 154]
[62, 55, 151]
[62, 60, 159]
[62, 65, 119]
[62, 70, 125]
[62, 75, 107]
[62, 80, 111]
[62, 85, 111]
[62, 90, 114]
[62, 95, 111]
[62, 100, 100]
[62, 105, 118]
[62, 110, 202]
[62, 115, 194]
[62, 120, 113]
[67, 120, 137]
[67, 115, 230]
[67, 110, 297]
[67, 105, 221]
[67, 100, 207]
[67, 95, 137]
[67, 90, 121]
[67, 85, 163]
[67, 80, 139]
[67, 75, 112]
[67, 70, 125]
[67, 65, 155]
[67, 60, 115]
[67, 55, 142]
[67, 50, 145]
[67, 45, 157]
[67, 40, 168]
[67, 35, 201]
[67, 30, 217]
[72, 30, 208]
[72, 35, 217]
[72, 40, 164]
[72, 45, 182]
[72, 50, 180]
[72, 55, 191]
[72, 60, 175]
[72, 65, 181]
[72, 70, 167]
[72, 75, 192]
[72, 80, 189]
[72, 85, 225]
[72, 90, 184]
[72, 95, 173]
[72, 100, 206]
[72, 105, 184]
[72, 110, 181]
[72, 115, 175]
[72, 120, 157]
[77, 120, 155]
[77, 115, 162]
[77, 110, 167]
[77, 105, 175]
[77, 100, 166]
[77, 95, 189]
[77, 90, 195]
[77, 85, 225]
[77, 80, 193]
[77, 75, 196]
[77, 70, 279]
[77, 65, 332]
[77, 60, 310]
[77, 55, 355]
[77, 50, 320]
[77, 45, 209]
[77, 40, 183]
[77, 35, 160]
[77, 30, 352]
[82, 30, 583]
[82, 35, 543]
[82, 40, 287]
[82, 45, 208]
[82, 50, 430]
[82, 55, 392]
[82, 60, 334]
[82, 65, 352]
[82, 70, 329]
[82, 75, 125]
[82, 80, 157]
[82, 85, 176]
[82, 90, 167]
[82, 95, 150]
[82, 100, 193]
[82, 105, 184]
[82, 110, 201]
[82, 115, 85]
[82, 120, 100]
[87, 120, 80]
[87, 115, 86]
[87, 110, 171]
[87, 105, 221]
[87, 100, 192]
[87, 95, 181]
[87, 90, 200]
[87, 85, 178]
[87, 80, 193]
[87, 75, 211]
[87, 70, 291]
[87, 65, 369]
[87, 60, 374]
[87, 55, 364]
[87, 50, 417]
[87, 45, 475]
[87, 40, 523]
[87, 35, 563]
[87, 30, 568]
[92, 30, 581]
[92, 35, 569]
[92, 40, 674]
[92, 45, 506]
[92, 50, 458]
[92, 55, 409]
[92, 60, 352]
[92, 65, 369]
[92, 70, 314]
[92, 75, 179]
[92, 80, 156]
[92, 85, 176]
[92, 90, 365]
[92, 95, 364]
[92, 100, 276]
[92, 105, 354]
[92, 110, 225]
[92, 115, 309]
[92, 120, 91]
[97, 120, 120]
[97, 115, 191]
[97, 110, 221]
[97, 105, 227]
[97, 100, 205]
[97, 95, 219]
[97, 90, 255]
[97, 85, 256]
[97, 80, 291]
[97, 75, 137]
[97, 70, 192]
[97, 65, 326]
[97, 60, 336]
[97, 55, 362]
[97, 50, 415]
[97, 45, 467]
[97, 40, 519]
[97, 35, 544]
[97, 30, 567]
[102, 30, 590]
[102, 35, 564]
[102, 40, 546]
[102, 45, 511]
[102, 50, 460]
[102, 55, 385]
[102, 60, 307]
[102, 65, 271]
[102, 70, 329]
[102, 75, 295]
[102, 80, 268]
[102, 85, 254]
[102, 90, 284]
[102, 95, 270]
[102, 100, 242]
[102, 105, 247]
[102, 110, 220]
[102, 115, 223]
[102, 120, 140]
[107, 120, 102]
[107, 115, 170]
[107, 110, 152]
[107, 105, 180]
[107, 100, 159]
[107, 95, 109]
[107, 90, 82]
[107, 85, 114]
[107, 80, 120]
[107, 75, 171]
[107, 70, 301]
[107, 65, 316]
[107, 60, 461]
[107, 55, 254]
[107, 50, 400]
[107, 45, 461]
[107, 40, 528]
[107, 35, 545]
[107, 30, 556]
[112, 30, 590]
[112, 35, 562]
[112, 40, 541]
[112, 45, 529]
[112, 50, 449]
[112, 55, 342]
[112, 60, 389]
[112, 65, 383]
[112, 70, 258]
[112, 75, 136]
[112, 80, 141]
[112, 85, 145]
[112, 90, 112]
[112, 95, 132]
[112, 100, 107]
[112, 105, 136]
[112, 110, 330]
[112, 115, 364]
[112, 120, 369]
[117, 120, 222]
[117, 115, 288]
[117, 110, 163]
[117, 105, 137]
[117, 100, 111]
[117, 95, 191]
[117, 90, 145]
[117, 85, 103]
[117, 80, 262]
[117, 75, 262]
[117, 70, 259]
[117, 65, 304]
[117, 60, 417]
[117, 55, 312]
[117, 50, 423]
[117, 45, 473]
[117, 40, 507]
[117, 35, 556]
[117, 30, 687]
[122, 30, 719]
[122, 35, 572]
[122, 40, 702]
[122, 45, 668]
[122, 50, 453]
[122, 55, 392]
[122, 60, 388]
[122, 65, 353]
[122, 70, 314]
[122, 75, 292]
[122, 80, 256]
[122, 85, 157]
[122, 90, 161]
[122, 95, 163]
[122, 100, 111]
[122, 105, 119]
[122, 110, 111]
[122, 115, 136]
[122, 120, 142]
[127, 120, 131]
[127, 115, 106]
[127, 110, 149]
[127, 105, 137]
[127, 100, 159]
[127, 95, 175]
[127, 90, 140]
[127, 85, 132]
[127, 80, 180]
[127, 75, 290]
[127, 70, 342]
[127, 65, 323]
[127, 60, 405]
[127, 55, 319]
[127, 50, 403]
[127, 45, 471]
[127, 40, 518]
[127, 35, 550]
[127, 30, 573]
[132, 30, 573]
[132, 35, 572]
[132, 40, 540]
[132, 45, 506]
[132, 50, 445]
[132, 55, 381]
[132, 60, 310]
[132, 65, 299]
[132, 70, 330]
[132, 75, 304]
[132, 80, 300]
[132, 85, 158]
[132, 90, 159]
[132, 95, 144]
[132, 100, 153]
[132, 105, 148]
[132, 110, 144]
[132, 115, 137]
[132, 120, 138]
