[132, 30, 552]
[132, 39, 520]
[132, 48, 460]
[132, 57, 342]
[132, 66, 247]
[132, 75, 274]
[132, 84, 269]
[132, 93, 251]
[132, 102, 206]
[132, 111, 149]
[132, 120, 148]
[123, 120, 142]
[123, 111, 154]
[123, 102, 154]
[123, 93, 195]
[123, 84, 213]
[123, 75, 224]
[123, 66, 211]
[123, 57, 276]
[123, 48, 416]
[123, 39, 507]
[123, 30, 544]
[114, 30, 542]
[114, 39, 495]
[114, 48, 462]
[114, 57, 325]
[114, 66, 201]
[114, 75, 189]
[114, 84, 201]
[114, 93, 206]
[114, 102, 173]
[114, 111, 192]
[114, 120, 151]
[105, 120, 143]
[105, 111, 164]
[105, 102, 164]
[105, 93, 388]
[105, 84, 554]
[105, 75, 185]
[105, 66, 189]
[105, 57, 274]
[105, 48, 413]
[105, 39, 472]
[105, 30, 589]
[96, 30, 546]
[96, 39, 515]
[96, 48, 443]
[96, 57, 321]
[96, 66, 197]
[96, 75, 505]
[96, 84, 437]
[96, 93, 412]
[96, 102, 355]
[96, 111, 150]
[96, 120, 132]
[87, 120, 146]
[87, 111, 145]
[87, 102, 146]
[87, 93, 418]
[87, 84, 427]
[87, 75, 502]
[87, 66, 445]
[87, 57, 450]
[87, 48, 449]
[87, 39, 497]
[87, 30, 538]
[78, 30, 608]
[78, 39, 495]
[78, 48, 443]
[78, 57, 319]
[78, 66, 252]
[78, 75, 454]
[78, 84, 449]
[78, 93, 174]
[78, 102, 164]
[78, 111, 155]
[78, 120, 142]
[69, 120, 176]
[69, 111, 145]
[69, 102, 165]
[69, 93, 172]
[69, 84, 181]
[69, 75, 168]
[69, 66, 179]
[69, 57, 292]
[69, 48, 441]
[69, 39, 494]
[69, 30, 547]
[60, 30, 550]
[60, 39, 581]
[60, 48, 457]
[60, 57, 312]
[60, 66, 146]
[60, 75, 173]
[60, 84, 166]
[60, 93, 178]
[60, 102, 163]
[60, 111, 146]
[60, 120, 141]
[51, 120, 128]
[51, 111, 151]
[51, 102, 161]
[51, 93, 213]
[51, 84, 193]
[51, 75, 176]
[51, 66, 183]
[51, 57, 293]
[51, 48, 423]
[51, 39, 505]
[51, 30, 549]
[42, 30, 535]
[42, 39, 565]
[42, 48, 460]
[42, 57, 332]
[42, 66, 214]
[42, 75, 176]
[42, 84, 212]
[42, 93, 203]
[42, 102, 171]
[42, 111, 146]
[42, 120, 136]
