[42, 30, 557]
[42, 35, 527]
[42, 40, 493]
[42, 45, 453]
[42, 50, 384]
[42, 55, 433]
[42, 60, 409]
[42, 65, 294]
[42, 70, 256]
[42, 75, 244]
[42, 80, 259]
[42, 85, 141]
[42, 90, 31]
[42, 95, 13]
[42, 100, 29]
[42, 105, 80]
[42, 110, 23]
[42, 115, 74]
[42, 120, 74]
[47, 120, 64]
[47, 115, 39]
[47, 110, 16]
[47, 105, 63]
[47, 100, 58]
[47, 95, 61]
[47, 90, 25]
[47, 85, 5]
[47, 80, 7]
[47, 75, 36]
[47, 70, 95]
[47, 65, 269]
[47, 60, 385]
[47, 55, 414]
[47, 50, 442]
[47, 45, 354]
[47, 40, 452]
[47, 35, 543]
[47, 30, 566]
[52, 30, 548]
[52, 35, 519]
[52, 40, 519]
[52, 45, 441]
[52, 50, 480]
[52, 55, 440]
[52, 60, 389]
[52, 65, 380]
[52, 70, 257]
[52, 75, 230]
[52, 80, 118]
[52, 85, 6]
[52, 90, 6]
[52, 95, 73]
[52, 100, 78]
[52, 105, 26]
[52, 110, 48]
[52, 115, 81]
[52, 120, 99]
[57, 120, 206]
[57, 115, 207]
[57, 110, 207]
[57, 105, 211]
[57, 100, 207]
[57, 95, 226]
[57, 90, 151]
[57, 85, 43]
[57, 80, 35]
[57, 75, 40]
[57, 70, 323]
[57, 65, 378]
[57, 60, 377]
[57, 55, 409]
[57, 50, 442]
[57, 45, 432]
[57, 40, 467]
[57, 35, 497]
[57, 30, 538]
[62, 30, 546]
[62, 35, 519]
[62, 40, 472]
[62, 45, 368]
[62, 50, 447]
[62, 55, 358]
[62, 60, 374]
[62, 65, 371]
[62, 70, 379]
[62, 75, 341]
[62, 80, 151]
[62, 85, 56]
[62, 90, 72]
[62, 95, 5]
[62, 100, 7]
[62, 105, 53]
[62, 110, 160]
[62, 115, 212]
[62, 120, 206]
[67, 120, 211]
[67, 115, 217]
[67, 110, 214]
[67, 105, 285]
[67, 100, 314]
[67, 95, 210]
[67, 90, 206]
[67, 85, 188]
[67, 80, 108]
[67, 75, 366]
[67, 70, 353]
[67, 65, 373]
[67, 60, 340]
[67, 55, 379]
[67, 50, 431]
[67, 45, 442]
[67, 40, 465]
[67, 35, 488]
[67, 30, 529]
[72, 30, 537]
[72, 35, 533]
[72, 40, 475]
[72, 45, 375]
[72, 50, 435]
[72, 55, 350]
[72, 60, 329]
[72, 65, 363]
[72, 70, 346]
[72, 75, 332]
[72, 80, 277]
[72, 85, 393]
[72, 90, 409]
[72, 95, 389]
[72, 100, 367]
[72, 105, 228]
[72, 110, 207]
[72, 115, 204]
[72, 120, 190]
[77, 120, 213]
[77, 115, 214]
[77, 110, 238]
[77, 105, 329]
[77, 100, 338]
[77, 95, 443]
[77, 90, 455]
[77, 85, 456]
[77, 80, 467]
[77, 75, 479]
[77, 70, 471]
[77, 65, 330]
[77, 60, 333]
[77, 55, 348]
[77, 50, 450]
[77, 45, 485]
[77, 40, 441]
[77, 35, 493]
[77, 30, 527]
[82, 30, 549]
[82, 35, 521]
[82, 40, 477]
[82, 45, 372]
[82, 50, 431]
[82, 55, 351]
[82, 60, 325]
[82, 65, 443]
[82, 70, 485]
[82, 75, 533]
[82, 80, 539]
[82, 85, 477]
[82, 90, 451]
[82, 95, 489]
[82, 100, 441]
[82, 105, 339]
[82, 110, 322]
[82, 115, 140]
[82, 120, 150]
[87, 120, 159]
[87, 115, 150]
[87, 110, 115]
[87, 105, 409]
[87, 100, 389]
[87, 95, 465]
[87, 90, 478]
[87, 85, 491]
[87, 80, 514]
[87, 75, 504]
[87, 70, 492]
[87, 65, 503]
[87, 60, 305]
[87, 55, 363]
[87, 50, 428]
[87, 45, 436]
[87, 40, 459]
[87, 35, 485]
[87, 30, 537]
[92, 30, 544]
[92, 35, 518]
[92, 40, 475]
[92, 45, 402]
[92, 50, 434]
[92, 55, 407]
[92, 60, 421]
[92, 65, 343]
[92, 70, 491]
[92, 75, 485]
[92, 80, 488]
[92, 85, 469]
[92, 90, 457]
[92, 95, 476]
[92, 100, 425]
[92, 105, 343]
[92, 110, 323]
[92, 115, 206]
[92, 120, 146]
[97, 120, 306]
[97, 115, 293]
[97, 110, 360]
[97, 105, 240]
[97, 100, 399]
[97, 95, 427]
[97, 90, 459]
[97, 85, 432]
[97, 80, 444]
[97, 75, 437]
[97, 70, 305]
[97, 65, 320]
[97, 60, 317]
[97, 55, 336]
[97, 50, 414]
[97, 45, 431]
[97, 40, 419]
[97, 35, 477]
[97, 30, 531]
[102, 30, 551]
[102, 35, 524]
[102, 40, 529]
[102, 45, 457]
[102, 50, 430]
[102, 55, 433]
[102, 60, 390]
[102, 65, 394]
[102, 70, 318]
[102, 75, 115]
[102, 80, 266]
[102, 85, 341]
[102, 90, 426]
[102, 95, 416]
[102, 100, 373]
[102, 105, 69]
[102, 110, 76]
[102, 115, 67]
[102, 120, 85]
[107, 120, 88]
[107, 115, 75]
[107, 110, 79]
[107, 105, 66]
[107, 100, 100]
[107, 95, 94]
[107, 90, 164]
[107, 85, 139]
[107, 80, 178]
[107, 75, 207]
[107, 70, 133]
[107, 65, 322]
[107, 60, 337]
[107, 55, 351]
[107, 50, 411]
[107, 45, 422]
[107, 40, 482]
[107, 35, 481]
[107, 30, 528]
[112, 30, 546]
[112, 35, 516]
[112, 40, 473]
[112, 45, 418]
[112, 50, 413]
[112, 55, 354]
[112, 60, 342]
[112, 65, 330]
[112, 70, 102]
[112, 75, 118]
[112, 80, 105]
[112, 85, 107]
[112, 90, 109]
[112, 95, 105]
[112, 100, 83]
[112, 105, 61]
[112, 110, 69]
[112, 115, 86]
[112, 120, 94]
[117, 120, 80]
[117, 115, 104]
[117, 110, 111]
[117, 105, 77]
[117, 100, 83]
[117, 95, 90]
[117, 90, 103]
[117, 85, 121]
[117, 80, 146]
[117, 75, 167]
[117, 70, 137]
[117, 65, 235]
[117, 60, 322]
[117, 55, 353]
[117, 50, 394]
[117, 45, 374]
[117, 40, 450]
[117, 35, 508]
[117, 30, 538]
[122, 30, 552]
[122, 35, 529]
[122, 40, 490]
[122, 45, 428]
[122, 50, 321]
[122, 55, 408]
[122, 60, 328]
[122, 65, 385]
[122, 70, 92]
[122, 75, 166]
[122, 80, 86]
[122, 85, 226]
[122, 90, 203]
[122, 95, 86]
[122, 100, 76]
[122, 105, 196]
[122, 110, 82]
[122, 115, 191]
[122, 120, 135]
[127, 120, 159]
[127, 115, 161]
[127, 110, 187]
[127, 105, 94]
[127, 100, 157]
[127, 95, 150]
[127, 90, 121]
[127, 85, 113]
[127, 80, 125]
[127, 75, 120]
[127, 70, 133]
[127, 65, 137]
[127, 60, 284]
[127, 55, 333]
[127, 50, 516]
[127, 45, 516]
[127, 40, 535]
[127, 35, 493]
[127, 30, 535]
[132, 30, 552]
[132, 35, 439]
[132, 40, 544]
[132, 45, 552]
[132, 50, 527]
[132, 55, 521]
[132, 60, 317]
[132, 65, 213]
[132, 70, 106]
[132, 75, 152]
[132, 80, 127]
[132, 85, 133]
[132, 90, 109]
[132, 95, 139]
[132, 100, 126]
[132, 105, 126]
[132, 110, 137]
[132, 115, 126]
[132, 120, 154]
