[132, 30, 561]
[132, 39, 526]
[132, 48, 456]
[132, 57, 322]
[132, 66, 238]
[132, 75, 261]
[132, 84, 275]
[132, 93, 246]
[132, 102, 195]
[132, 111, 182]
[132, 120, 168]
[123, 120, 164]
[123, 111, 230]
[123, 102, 201]
[123, 93, 200]
[123, 84, 205]
[123, 75, 215]
[123, 66, 209]
[123, 57, 247]
[123, 48, 429]
[123, 39, 474]
[123, 30, 494]
[114, 30, 478]
[114, 39, 456]
[114, 48, 395]
[114, 57, 272]
[114, 66, 204]
[114, 75, 248]
[114, 84, 201]
[114, 93, 205]
[114, 102, 196]
[114, 111, 182]
[114, 120, 168]
[105, 120, 164]
[105, 111, 172]
[105, 102, 190]
[105, 93, 309]
[105, 84, 433]
[105, 75, 198]
[105, 66, 197]
[105, 57, 252]
[105, 48, 431]
[105, 39, 451]
[105, 30, 499]
[96, 30, 488]
[96, 39, 468]
[96, 48, 402]
[96, 57, 276]
[96, 66, 245]
[96, 75, 460]
[96, 84, 430]
[96, 93, 182]
[96, 102, 188]
[96, 111, 181]
[96, 120, 168]
[87, 120, 211]
[87, 111, 172]
[87, 102, 191]
[87, 93, 195]
[87, 84, 182]
[87, 75, 431]
[87, 66, 442]
[87, 57, 495]
[87, 48, 426]
[87, 39, 459]
[87, 30, 481]
[78, 30, 499]
[78, 39, 466]
[78, 48, 542]
[78, 57, 283]
[78, 66, 239]
[78, 75, 287]
[78, 84, 191]
[78, 93, 194]
[78, 102, 189]
[78, 111, 172]
[78, 120, 213]
[69, 120, 169]
[69, 111, 179]
[69, 102, 183]
[69, 93, 193]
[69, 84, 193]
[69, 75, 192]
[69, 66, 249]
[69, 57, 257]
[69, 48, 349]
[69, 39, 445]
[69, 30, 480]
[60, 30, 489]
[60, 39, 465]
[60, 48, 445]
[60, 57, 283]
[60, 66, 184]
[60, 75, 192]
[60, 84, 198]
[60, 93, 194]
[60, 102, 193]
[60, 111, 170]
[60, 120, 168]
[51, 120, 158]
[51, 111, 170]
[51, 102, 182]
[51, 93, 193]
[51, 84, 201]
[51, 75, 188]
[51, 66, 185]
[51, 57, 267]
[51, 48, 367]
[51, 39, 447]
[51, 30, 484]
[42, 30, 500]
[42, 39, 479]
[42, 48, 423]
[42, 57, 293]
[42, 66, 212]
[42, 75, 193]
[42, 84, 210]
[42, 93, 202]
[42, 102, 223]
[42, 111, 174]
[42, 120, 161]
