[211, 211, 16712258]
[211, 220, 16712226]
[211, 229, 16712213]
[211, 238, 16712033]
[211, 247, 16711929]
[211, 0, 289]
[211, 9, 318]
[211, 18, 272]
[211, 27, 128]
[211, 36, 111]
[211, 45, 145]
[220, 45, 118]
[220, 36, 103]
[220, 27, 128]
[220, 18, 103]
[220, 9, 212]
[220, 0, 240]
[220, 247, 16711906]
[220, 238, 16712005]
[220, 229, 16712113]
[220, 220, 16712204]
[220, 211, 16712255]
[229, 211, 16712263]
[229, 220, 16712233]
[229, 229, 16712198]
[229, 238, 16712081]
[229, 247, 16711760]
[229, 0, 106]
[229, 9, 160]
[229, 18, 166]
[229, 27, 255]
[229, 36, 211]
[229, 45, 202]
[238, 45, 108]
[238, 36, 133]
[238, 27, 117]
[238, 18, 127]
[238, 9, 89]
[238, 0, 133]
[238, 247, 16711810]
[238, 238, 16711964]
[238, 229, 16712128]
[238, 220, 16712211]
[238, 211, 16712251]
[247, 211, 16712252]
[247, 220, 16712230]
[247, 229, 16712207]
[247, 238, 16712109]
[247, 247, 16712119]
[247, 0, 401]
[247, 9, 397]
[247, 18, 131]
[247, 27, 129]
[247, 36, 124]
[247, 45, 120]
[0, 45, 117]
[0, 36, 120]
[0, 27, 104]
[0, 18, 120]
[0, 9, 95]
[0, 0, 433]
[0, 247, 16712148]
[0, 238, 16712000]
[0, 229, 16712149]
[0, 220, 16712208]
[0, 211, 16712220]
[9, 211, 16712305]
[9, 220, 16712226]
[9, 229, 16712227]
[9, 238, 16712118]
[9, 247, 16712123]
[9, 0, 430]
[9, 9, 395]
[9, 18, 146]
[9, 27, 156]
[9, 36, 119]
[9, 45, 111]
[18, 45, 115]
[18, 36, 125]
[18, 27, 109]
[18, 18, 116]
[18, 9, 104]
[18, 0, 111]
[18, 247, 16711855]
[18, 238, 16711969]
[18, 229, 16712145]
[18, 220, 16712223]
[18, 211, 16712241]
[27, 211, 16712251]
[27, 220, 16712226]
[27, 229, 16712213]
[27, 238, 16712012]
[27, 247, 16711809]
[27, 0, 119]
[27, 9, 167]
[27, 18, 110]
[27, 27, 133]
[27, 36, 111]
[27, 45, 115]
[36, 45, 123]
[36, 36, 125]
[36, 27, 113]
[36, 18, 102]
[36, 9, 91]
[36, 0, 115]
[36, 247, 16711778]
[36, 238, 16712004]
[36, 229, 16712129]
[36, 220, 16712208]
[36, 211, 16712233]
[45, 211, 16712247]
[45, 220, 16712225]
[45, 229, 16712150]
[45, 238, 16712033]
[45, 247, 16711823]
[45, 0, 105]
[45, 9, 86]
[45, 18, 103]
[45, 27, 159]
[45, 36, 123]
[45, 45, 117]
