[132, 30, 591]
[132, 33, 579]
[132, 36, 569]
[132, 39, 535]
[132, 42, 413]
[132, 45, 196]
[132, 48, 188]
[132, 51, 157]
[132, 54, 149]
[132, 57, 150]
[132, 60, 145]
[132, 63, 153]
[132, 66, 96]
[132, 69, 111]
[132, 72, 118]
[132, 75, 105]
[132, 78, 111]
[132, 81, 89]
[132, 84, 124]
[132, 87, 85]
[132, 90, 102]
[132, 93, 105]
[132, 96, 104]
[132, 99, 108]
[132, 102, 85]
[132, 105, 93]
[132, 108, 114]
[132, 111, 102]
[132, 114, 105]
[132, 117, 109]
[132, 120, 90]
[129, 120, 115]
[129, 117, 102]
[129, 114, 84]
[129, 111, 127]
[129, 108, 103]
[129, 105, 109]
[129, 102, 95]
[129, 99, 107]
[129, 96, 161]
[129, 93, 177]
[129, 90, 106]
[129, 87, 191]
[129, 84, 114]
[129, 81, 157]
[129, 78, 115]
[129, 75, 121]
[129, 72, 109]
[129, 69, 98]
[129, 66, 125]
[129, 63, 106]
[129, 60, 187]
[129, 57, 141]
[129, 54, 168]
[129, 51, 149]
[129, 48, 130]
[129, 45, 217]
[129, 42, 506]
[129, 39, 542]
[129, 36, 564]
[129, 33, 580]
[129, 30, 576]
[126, 30, 583]
[126, 33, 575]
[126, 36, 602]
[126, 39, 568]
[126, 42, 543]
[126, 45, 518]
[126, 48, 468]
[126, 51, 378]
[126, 54, 348]
[126, 57, 320]
[126, 60, 181]
[126, 63, 167]
[126, 66, 113]
[126, 69, 111]
[126, 72, 115]
[126, 75, 103]
[126, 78, 90]
[126, 81, 107]
[126, 84, 114]
[126, 87, 99]
[126, 90, 107]
[126, 93, 107]
[126, 96, 81]
[126, 99, 113]
[126, 102, 103]
[126, 105, 102]
[126, 108, 95]
[126, 111, 102]
[126, 114, 98]
[126, 117, 108]
[126, 120, 143]
[123, 120, 115]
[123, 117, 121]
[123, 114, 103]
[123, 111, 94]
[123, 108, 111]
[123, 105, 88]
[123, 102, 118]
[123, 99, 102]
[123, 96, 100]
[123, 93, 95]
[123, 90, 107]
[123, 87, 115]
[123, 84, 107]
[123, 81, 122]
[123, 78, 106]
[123, 75, 104]
[123, 72, 120]
[123, 69, 124]
[123, 66, 111]
[123, 63, 115]
[123, 60, 203]
[123, 57, 342]
[123, 54, 400]
[123, 51, 448]
[123, 48, 470]
[123, 45, 512]
[123, 42, 530]
[123, 39, 587]
[123, 36, 565]
[123, 33, 603]
[123, 30, 586]
[120, 30, 585]
[120, 33, 574]
[120, 36, 722]
[120, 39, 716]
[120, 42, 569]
[120, 45, 534]
[120, 48, 548]
[120, 51, 472]
[120, 54, 431]
[120, 57, 381]
[120, 60, 316]
[120, 63, 218]
[120, 66, 121]
[120, 69, 111]
[120, 72, 108]
[120, 75, 108]
[120, 78, 102]
[120, 81, 108]
[120, 84, 157]
[120, 87, 102]
[120, 90, 76]
[120, 93, 99]
[120, 96, 5]
[120, 99, 115]
[120, 102, 124]
[120, 105, 106]
[120, 108, 105]
[120, 111, 98]
[120, 114, 103]
[120, 117, 102]
[120, 120, 102]
[117, 120, 119]
[117, 117, 101]
[117, 114, 117]
[117, 111, 99]
[117, 108, 102]
[117, 105, 111]
[117, 102, 112]
[117, 99, 93]
[117, 96, 109]
[117, 93, 90]
[117, 90, 111]
[117, 87, 124]
[117, 84, 111]
[117, 81, 118]
[117, 78, 93]
[117, 75, 113]
[117, 72, 107]
[117, 69, 111]
[117, 66, 114]
[117, 63, 145]
[117, 60, 306]
[117, 57, 352]
[117, 54, 403]
[117, 51, 450]
[117, 48, 480]
[117, 45, 503]
[117, 42, 529]
[117, 39, 552]
[117, 36, 568]
[117, 33, 572]
[117, 30, 585]
[114, 30, 584]
[114, 33, 575]
[114, 36, 564]
[114, 39, 557]
[114, 42, 547]
[114, 45, 525]
[114, 48, 496]
[114, 51, 462]
[114, 54, 423]
[114, 57, 377]
[114, 60, 310]
[114, 63, 254]
[114, 66, 114]
[114, 69, 119]
[114, 72, 107]
[114, 75, 103]
[114, 78, 112]
[114, 81, 117]
[114, 84, 106]
[114, 87, 90]
[114, 90, 136]
[114, 93, 107]
[114, 96, 88]
[114, 99, 103]
[114, 102, 106]
[114, 105, 93]
[114, 108, 88]
[114, 111, 128]
[114, 114, 153]
[114, 117, 226]
[114, 120, 110]
[111, 120, 111]
[111, 117, 99]
[111, 114, 111]
[111, 111, 107]
[111, 108, 121]
[111, 105, 115]
[111, 102, 106]
[111, 99, 98]
[111, 96, 103]
[111, 93, 102]
[111, 90, 80]
[111, 87, 135]
[111, 84, 72]
[111, 81, 103]
[111, 78, 99]
[111, 75, 111]
[111, 72, 104]
[111, 69, 127]
[111, 66, 201]
[111, 63, 364]
[111, 60, 317]
[111, 57, 357]
[111, 54, 413]
[111, 51, 439]
[111, 48, 468]
[111, 45, 515]
[111, 42, 526]
[111, 39, 544]
[111, 36, 558]
[111, 33, 579]
[111, 30, 575]
[108, 30, 583]
[108, 33, 616]
[108, 36, 576]
[108, 39, 561]
[108, 42, 540]
[108, 45, 520]
[108, 48, 492]
[108, 51, 465]
[108, 54, 451]
[108, 57, 380]
[108, 60, 409]
[108, 63, 494]
[108, 66, 462]
[108, 69, 59]
[108, 72, 114]
[108, 75, 111]
[108, 78, 106]
[108, 81, 126]
[108, 84, 85]
[108, 87, 107]
[108, 90, 107]
[108, 93, 135]
[108, 96, 111]
[108, 99, 104]
[108, 102, 112]
[108, 105, 115]
[108, 108, 112]
[108, 111, 125]
[108, 114, 101]
[108, 117, 100]
[108, 120, 116]
[105, 120, 98]
[105, 117, 118]
[105, 114, 127]
[105, 111, 106]
[105, 108, 109]
[105, 105, 123]
[105, 102, 98]
[105, 99, 119]
[105, 96, 148]
[105, 93, 86]
[105, 90, 118]
[105, 87, 95]
[105, 84, 132]
[105, 81, 119]
[105, 78, 96]
[105, 75, 134]
[105, 72, 97]
[105, 69, 43]
[105, 66, 418]
[105, 63, 468]
[105, 60, 581]
[105, 57, 659]
[105, 54, 322]
[105, 51, 436]
[105, 48, 472]
[105, 45, 502]
[105, 42, 526]
[105, 39, 541]
[105, 36, 553]
[105, 33, 601]
[105, 30, 589]
[102, 30, 590]
[102, 33, 580]
[102, 36, 566]
[102, 39, 554]
[102, 42, 534]
[102, 45, 514]
[102, 48, 492]
[102, 51, 477]
[102, 54, 316]
[102, 57, 536]
[102, 60, 462]
[102, 63, 456]
[102, 66, 430]
[102, 69, 300]
[102, 72, 93]
[102, 75, 122]
[102, 78, 108]
[102, 81, 111]
[102, 84, 115]
[102, 87, 48]
[102, 90, 121]
[102, 93, 78]
[102, 96, 5]
[102, 99, 137]
[102, 102, 85]
[102, 105, 93]
[102, 108, 101]
[102, 111, 101]
[102, 114, 108]
[102, 117, 107]
[102, 120, 98]
[99, 120, 72]
[99, 117, 97]
[99, 114, 96]
[99, 111, 99]
[99, 108, 94]
[99, 105, 72]
[99, 102, 96]
[99, 99, 141]
[99, 96, 110]
[99, 93, 100]
[99, 90, 94]
[99, 87, 46]
[99, 84, 98]
[99, 81, 143]
[99, 78, 111]
[99, 75, 129]
[99, 72, 90]
[99, 69, 89]
[99, 66, 412]
[99, 63, 421]
[99, 60, 453]
[99, 57, 498]
[99, 54, 548]
[99, 51, 231]
[99, 48, 468]
[99, 45, 507]
[99, 42, 560]
[99, 39, 550]
[99, 36, 562]
[99, 33, 571]
[99, 30, 584]
[96, 30, 583]
[96, 33, 572]
[96, 36, 565]
[96, 39, 586]
[96, 42, 533]
[96, 45, 528]
[96, 48, 404]
[96, 51, 218]
[96, 54, 481]
[96, 57, 554]
[96, 60, 495]
[96, 63, 445]
[96, 66, 420]
[96, 69, 314]
[96, 72, 59]
[96, 75, 115]
[96, 78, 210]
[96, 81, 89]
[96, 84, 115]
[96, 87, 112]
[96, 90, 179]
[96, 93, 98]
[96, 96, 132]
[96, 99, 99]
[96, 102, 100]
[96, 105, 105]
[96, 108, 89]
[96, 111, 111]
[96, 114, 119]
[96, 117, 103]
[96, 120, 93]
[93, 120, 91]
[93, 117, 115]
[93, 114, 115]
[93, 111, 96]
[93, 108, 146]
[93, 105, 107]
[93, 102, 108]
[93, 99, 94]
[93, 96, 102]
[93, 93, 110]
[93, 90, 102]
[93, 87, 115]
[93, 84, 102]
[93, 81, 99]
[93, 78, 102]
[93, 75, 105]
[93, 72, 121]
[93, 69, 230]
[93, 66, 396]
[93, 63, 487]
[93, 60, 426]
[93, 57, 492]
[93, 54, 561]
[93, 51, 457]
[93, 48, 221]
[93, 45, 425]
[93, 42, 529]
[93, 39, 538]
[93, 36, 557]
[93, 33, 560]
[93, 30, 612]
[90, 30, 594]
[90, 33, 582]
[90, 36, 567]
[90, 39, 551]
[90, 42, 533]
[90, 45, 515]
[90, 48, 265]
[90, 51, 307]
[90, 54, 579]
[90, 57, 541]
[90, 60, 494]
[90, 63, 511]
[90, 66, 442]
[90, 69, 292]
[90, 72, 87]
[90, 75, 96]
[90, 78, 103]
[90, 81, 111]
[90, 84, 102]
[90, 87, 112]
[90, 90, 113]
[90, 93, 113]
[90, 96, 108]
[90, 99, 115]
[90, 102, 107]
[90, 105, 108]
[90, 108, 107]
[90, 111, 114]
[90, 114, 112]
[90, 117, 120]
[90, 120, 102]
[87, 120, 128]
[87, 117, 124]
[87, 114, 95]
[87, 111, 85]
[87, 108, 89]
[87, 105, 115]
[87, 102, 143]
[87, 99, 111]
[87, 96, 116]
[87, 93, 136]
[87, 90, 119]
[87, 87, 180]
[87, 84, 207]
[87, 81, 115]
[87, 78, 186]
[87, 75, 103]
[87, 72, 124]
[87, 69, 250]
[87, 66, 436]
[87, 63, 484]
[87, 60, 425]
[87, 57, 502]
[87, 54, 530]
[87, 51, 533]
[87, 48, 205]
[87, 45, 368]
[87, 42, 535]
[87, 39, 536]
[87, 36, 550]
[87, 33, 563]
[87, 30, 572]
[84, 30, 584]
[84, 33, 614]
[84, 36, 567]
[84, 39, 553]
[84, 42, 529]
[84, 45, 493]
[84, 48, 267]
[84, 51, 354]
[84, 54, 583]
[84, 57, 539]
[84, 60, 456]
[84, 63, 496]
[84, 66, 446]
[84, 69, 255]
[84, 72, 303]
[84, 75, 50]
[84, 78, 115]
[84, 81, 108]
[84, 84, 107]
[84, 87, 111]
[84, 90, 139]
[84, 93, 123]
[84, 96, 100]
[84, 99, 98]
[84, 102, 106]
[84, 105, 104]
[84, 108, 113]
[84, 111, 101]
[84, 114, 99]
[84, 117, 103]
[84, 120, 128]
[81, 120, 152]
[81, 117, 173]
[81, 114, 95]
[81, 111, 111]
[81, 108, 98]
[81, 105, 98]
[81, 102, 120]
[81, 99, 85]
[81, 96, 91]
[81, 93, 90]
[81, 90, 102]
[81, 87, 100]
[81, 84, 102]
[81, 81, 114]
[81, 78, 86]
[81, 75, 116]
[81, 72, 55]
[81, 69, 250]
[81, 66, 365]
[81, 63, 474]
[81, 60, 540]
[81, 57, 508]
[81, 54, 541]
[81, 51, 565]
[81, 48, 239]
[81, 45, 415]
[81, 42, 538]
[81, 39, 544]
[81, 36, 535]
[81, 33, 567]
[81, 30, 614]
[78, 30, 593]
[78, 33, 578]
[78, 36, 707]
[78, 39, 709]
[78, 42, 530]
[78, 45, 526]
[78, 48, 387]
[78, 51, 251]
[78, 54, 572]
[78, 57, 542]
[78, 60, 512]
[78, 63, 488]
[78, 66, 466]
[78, 69, 263]
[78, 72, 263]
[78, 75, 90]
[78, 78, 85]
[78, 81, 98]
[78, 84, 104]
[78, 87, 107]
[78, 90, 105]
[78, 93, 99]
[78, 96, 124]
[78, 99, 98]
[78, 102, 130]
[78, 105, 111]
[78, 108, 95]
[78, 111, 99]
[78, 114, 106]
[78, 117, 124]
[78, 120, 179]
[75, 120, 179]
[75, 117, 159]
[75, 114, 129]
[75, 111, 84]
[75, 108, 104]
[75, 105, 121]
[75, 102, 87]
[75, 99, 116]
[75, 96, 107]
[75, 93, 10]
[75, 90, 42]
[75, 87, 23]
[75, 84, 56]
[75, 81, 68]
[75, 78, 93]
[75, 75, 89]
[75, 72, 9]
[75, 69, 328]
[75, 66, 358]
[75, 63, 462]
[75, 60, 503]
[75, 57, 489]
[75, 54, 574]
[75, 51, 454]
[75, 48, 391]
[75, 45, 500]
[75, 42, 522]
[75, 39, 549]
[75, 36, 587]
[75, 33, 571]
[75, 30, 575]
[72, 30, 585]
[72, 33, 576]
[72, 36, 574]
[72, 39, 549]
[72, 42, 566]
[72, 45, 514]
[72, 48, 500]
[72, 51, 362]
[72, 54, 523]
[72, 57, 468]
[72, 60, 518]
[72, 63, 477]
[72, 66, 420]
[72, 69, 338]
[72, 72, 94]
[72, 75, 162]
[72, 78, 132]
[72, 81, 161]
[72, 84, 134]
[72, 87, 150]
[72, 90, 149]
[72, 93, 149]
[72, 96, 189]
[72, 99, 117]
[72, 102, 125]
[72, 105, 99]
[72, 108, 98]
[72, 111, 175]
[72, 114, 120]
[72, 117, 95]
[72, 120, 154]
[69, 120, 149]
[69, 117, 199]
[69, 114, 154]
[69, 111, 187]
[69, 108, 116]
[69, 105, 147]
[69, 102, 96]
[69, 99, 157]
[69, 96, 123]
[69, 93, 138]
[69, 90, 150]
[69, 87, 153]
[69, 84, 178]
[69, 81, 148]
[69, 78, 164]
[69, 75, 149]
[69, 72, 153]
[69, 69, 128]
[69, 66, 293]
[69, 63, 430]
[69, 60, 452]
[69, 57, 477]
[69, 54, 526]
[69, 51, 309]
[69, 48, 481]
[69, 45, 504]
[69, 42, 521]
[69, 39, 541]
[69, 36, 545]
[69, 33, 571]
[69, 30, 610]
[66, 30, 591]
[66, 33, 580]
[66, 36, 560]
[66, 39, 550]
[66, 42, 515]
[66, 45, 506]
[66, 48, 500]
[66, 51, 456]
[66, 54, 380]
[66, 57, 503]
[66, 60, 496]
[66, 63, 457]
[66, 66, 423]
[66, 69, 132]
[66, 72, 157]
[66, 75, 158]
[66, 78, 162]
[66, 81, 138]
[66, 84, 169]
[66, 87, 143]
[66, 90, 169]
[66, 93, 157]
[66, 96, 144]
[66, 99, 148]
[66, 102, 139]
[66, 105, 112]
[66, 108, 72]
[66, 111, 115]
[66, 114, 107]
[66, 117, 132]
[66, 120, 117]
[63, 120, 112]
[63, 117, 67]
[63, 114, 116]
[63, 111, 137]
[63, 108, 101]
[63, 105, 90]
[63, 102, 115]
[63, 99, 111]
[63, 96, 161]
[63, 93, 167]
[63, 90, 166]
[63, 87, 163]
[63, 84, 149]
[63, 81, 161]
[63, 78, 156]
[63, 75, 157]
[63, 72, 163]
[63, 69, 162]
[63, 66, 115]
[63, 63, 415]
[63, 60, 503]
[63, 57, 460]
[63, 54, 378]
[63, 51, 545]
[63, 48, 460]
[63, 45, 671]
[63, 42, 675]
[63, 39, 641]
[63, 36, 599]
[63, 33, 564]
[63, 30, 577]
[60, 30, 582]
[60, 33, 610]
[60, 36, 563]
[60, 39, 563]
[60, 42, 531]
[60, 45, 515]
[60, 48, 488]
[60, 51, 448]
[60, 54, 418]
[60, 57, 364]
[60, 60, 321]
[60, 63, 301]
[60, 66, 167]
[60, 69, 171]
[60, 72, 140]
[60, 75, 159]
[60, 78, 163]
[60, 81, 162]
[60, 84, 138]
[60, 87, 149]
[60, 90, 160]
[60, 93, 162]
[60, 96, 164]
[60, 99, 164]
[60, 102, 191]
[60, 105, 105]
[60, 108, 102]
[60, 111, 103]
[60, 114, 103]
[60, 117, 144]
[60, 120, 97]
[57, 120, 104]
[57, 117, 80]
[57, 114, 107]
[57, 111, 124]
[57, 108, 78]
[57, 105, 110]
[57, 102, 119]
[57, 99, 150]
[57, 96, 157]
[57, 93, 172]
[57, 90, 162]
[57, 87, 151]
[57, 84, 150]
[57, 81, 161]
[57, 78, 152]
[57, 75, 187]
[57, 72, 157]
[57, 69, 155]
[57, 66, 158]
[57, 63, 184]
[57, 60, 279]
[57, 57, 336]
[57, 54, 382]
[57, 51, 423]
[57, 48, 462]
[57, 45, 484]
[57, 42, 518]
[57, 39, 578]
[57, 36, 552]
[57, 33, 572]
[57, 30, 577]
[54, 30, 578]
[54, 33, 571]
[54, 36, 553]
[54, 39, 584]
[54, 42, 540]
[54, 45, 514]
[54, 48, 486]
[54, 51, 445]
[54, 54, 404]
[54, 57, 381]
[54, 60, 305]
[54, 63, 249]
[54, 66, 157]
[54, 69, 162]
[54, 72, 152]
[54, 75, 151]
[54, 78, 148]
[54, 81, 150]
[54, 84, 216]
[54, 87, 153]
[54, 90, 181]
[54, 93, 166]
[54, 96, 164]
[54, 99, 177]
[54, 102, 189]
[54, 105, 108]
[54, 108, 111]
[54, 111, 122]
[54, 114, 116]
[54, 117, 120]
[54, 120, 72]
[51, 120, 106]
[51, 117, 85]
[51, 114, 109]
[51, 111, 103]
[51, 108, 107]
[51, 105, 106]
[51, 102, 107]
[51, 99, 167]
[51, 96, 163]
[51, 93, 158]
[51, 90, 153]
[51, 87, 144]
[51, 84, 157]
[51, 81, 124]
[51, 78, 137]
[51, 75, 141]
[51, 72, 160]
[51, 69, 199]
[51, 66, 157]
[51, 63, 199]
[51, 60, 264]
[51, 57, 324]
[51, 54, 384]
[51, 51, 435]
[51, 48, 474]
[51, 45, 503]
[51, 42, 513]
[51, 39, 527]
[51, 36, 541]
[51, 33, 586]
[51, 30, 563]
[48, 30, 578]
[48, 33, 541]
[48, 36, 562]
[48, 39, 553]
[48, 42, 518]
[48, 45, 514]
[48, 48, 473]
[48, 51, 454]
[48, 54, 406]
[48, 57, 353]
[48, 60, 296]
[48, 63, 270]
[48, 66, 176]
[48, 69, 190]
[48, 72, 185]
[48, 75, 141]
[48, 78, 105]
[48, 81, 136]
[48, 84, 152]
[48, 87, 153]
[48, 90, 153]
[48, 93, 162]
[48, 96, 163]
[48, 99, 184]
[48, 102, 124]
[48, 105, 99]
[48, 108, 98]
[48, 111, 96]
[48, 114, 107]
[48, 117, 151]
[48, 120, 77]
[45, 120, 94]
[45, 117, 80]
[45, 114, 119]
[45, 111, 110]
[45, 108, 98]
[45, 105, 98]
[45, 102, 98]
[45, 99, 183]
[45, 96, 166]
[45, 93, 169]
[45, 90, 159]
[45, 87, 152]
[45, 84, 230]
[45, 81, 145]
[45, 78, 213]
[45, 75, 223]
[45, 72, 163]
[45, 69, 231]
[45, 66, 171]
[45, 63, 203]
[45, 60, 277]
[45, 57, 310]
[45, 54, 369]
[45, 51, 408]
[45, 48, 473]
[45, 45, 491]
[45, 42, 499]
[45, 39, 539]
[45, 36, 549]
[45, 33, 575]
[45, 30, 529]
[42, 30, 542]
[42, 33, 602]
[42, 36, 567]
[42, 39, 546]
[42, 42, 530]
[42, 45, 487]
[42, 48, 507]
[42, 51, 432]
[42, 54, 425]
[42, 57, 346]
[42, 60, 296]
[42, 63, 246]
[42, 66, 171]
[42, 69, 165]
[42, 72, 159]
[42, 75, 154]
[42, 78, 149]
[42, 81, 149]
[42, 84, 159]
[42, 87, 165]
[42, 90, 150]
[42, 93, 168]
[42, 96, 156]
[42, 99, 201]
[42, 102, 107]
[42, 105, 95]
[42, 108, 94]
[42, 111, 107]
[42, 114, 109]
[42, 117, 153]
[42, 120, 87]
