[132, 30, 210]
[132, 33, 193]
[132, 36, 286]
[132, 39, 178]
[132, 42, 214]
[132, 45, 218]
[132, 48, 231]
[132, 51, 223]
[132, 54, 221]
[132, 57, 226]
[132, 60, 222]
[132, 63, 234]
[132, 66, 255]
[132, 69, 230]
[132, 72, 237]
[132, 75, 236]
[132, 78, 235]
[132, 81, 230]
[132, 84, 225]
[132, 87, 225]
[132, 90, 240]
[132, 93, 231]
[132, 96, 225]
[132, 99, 219]
[132, 102, 206]
[132, 105, 213]
[132, 108, 201]
[132, 111, 205]
[132, 114, 200]
[132, 117, 159]
[132, 120, 133]
[129, 120, 141]
[129, 117, 166]
[129, 114, 198]
[129, 111, 218]
[129, 108, 218]
[129, 105, 200]
[129, 102, 216]
[129, 99, 217]
[129, 96, 194]
[129, 93, 139]
[129, 90, 199]
[129, 87, 214]
[129, 84, 213]
[129, 81, 217]
[129, 78, 217]
[129, 75, 248]
[129, 72, 247]
[129, 69, 235]
[129, 66, 220]
[129, 63, 217]
[129, 60, 214]
[129, 57, 214]
[129, 54, 213]
[129, 51, 208]
[129, 48, 225]
[129, 45, 211]
[129, 42, 200]
[129, 39, 190]
[129, 36, 194]
[129, 33, 197]
[129, 30, 230]
[126, 30, 259]
[126, 33, 214]
[126, 36, 220]
[126, 39, 205]
[126, 42, 211]
[126, 45, 219]
[126, 48, 213]
[126, 51, 213]
[126, 54, 217]
[126, 57, 237]
[126, 60, 229]
[126, 63, 221]
[126, 66, 223]
[126, 69, 221]
[126, 72, 222]
[126, 75, 222]
[126, 78, 214]
[126, 81, 243]
[126, 84, 217]
[126, 87, 220]
[126, 90, 205]
[126, 93, 197]
[126, 96, 63]
[126, 99, 164]
[126, 102, 224]
[126, 105, 221]
[126, 108, 256]
[126, 111, 219]
[126, 114, 206]
[126, 117, 141]
[126, 120, 252]
[123, 120, 149]
[123, 117, 334]
[123, 114, 221]
[123, 111, 218]
[123, 108, 216]
[123, 105, 219]
[123, 102, 214]
[123, 99, 205]
[123, 96, 59]
[123, 93, 233]
[123, 90, 212]
[123, 87, 226]
[123, 84, 221]
[123, 81, 215]
[123, 78, 222]
[123, 75, 242]
[123, 72, 230]
[123, 69, 221]
[123, 66, 251]
[123, 63, 230]
[123, 60, 234]
[123, 57, 233]
[123, 54, 243]
[123, 51, 226]
[123, 48, 226]
[123, 45, 221]
[123, 42, 221]
[123, 39, 221]
[123, 36, 218]
[123, 33, 224]
[123, 30, 211]
[120, 30, 214]
[120, 33, 209]
[120, 36, 192]
[120, 39, 192]
[120, 42, 334]
[120, 45, 257]
[120, 48, 230]
[120, 51, 228]
[120, 54, 256]
[120, 57, 239]
[120, 60, 234]
[120, 63, 228]
[120, 66, 255]
[120, 69, 234]
[120, 72, 234]
[120, 75, 228]
[120, 78, 272]
[120, 81, 218]
[120, 84, 275]
[120, 87, 224]
[120, 90, 217]
[120, 93, 177]
[120, 96, 101]
[120, 99, 108]
[120, 102, 231]
[120, 105, 230]
[120, 108, 221]
[120, 111, 234]
[120, 114, 220]
[120, 117, 196]
[120, 120, 173]
[117, 120, 176]
[117, 117, 162]
[117, 114, 218]
[117, 111, 221]
[117, 108, 226]
[117, 105, 230]
[117, 102, 234]
[117, 99, 136]
[117, 96, 77]
[117, 93, 172]
[117, 90, 222]
[117, 87, 216]
[117, 84, 176]
[117, 81, 247]
[117, 78, 246]
[117, 75, 261]
[117, 72, 235]
[117, 69, 247]
[117, 66, 234]
[117, 63, 242]
[117, 60, 361]
[117, 57, 349]
[117, 54, 245]
[117, 51, 545]
[117, 48, 133]
[117, 45, 222]
[117, 42, 453]
[117, 39, 166]
[117, 36, 282]
[117, 33, 136]
[117, 30, 212]
[114, 30, 215]
[114, 33, 162]
[114, 36, 344]
[114, 39, 225]
[114, 42, 169]
[114, 45, 461]
[114, 48, 225]
[114, 51, 170]
[114, 54, 330]
[114, 57, 247]
[114, 60, 243]
[114, 63, 242]
[114, 66, 260]
[114, 69, 356]
[114, 72, 251]
[114, 75, 224]
[114, 78, 239]
[114, 81, 239]
[114, 84, 238]
[114, 87, 240]
[114, 90, 230]
[114, 93, 210]
[114, 96, 191]
[114, 99, 25]
[114, 102, 214]
[114, 105, 238]
[114, 108, 226]
[114, 111, 224]
[114, 114, 230]
[114, 117, 218]
[114, 120, 178]
[111, 120, 238]
[111, 117, 201]
[111, 114, 213]
[111, 111, 225]
[111, 108, 247]
[111, 105, 225]
[111, 102, 234]
[111, 99, 46]
[111, 96, 154]
[111, 93, 205]
[111, 90, 230]
[111, 87, 232]
[111, 84, 196]
[111, 81, 244]
[111, 78, 263]
[111, 75, 194]
[111, 72, 252]
[111, 69, 292]
[111, 66, 230]
[111, 63, 250]
[111, 60, 271]
[111, 57, 249]
[111, 54, 254]
[111, 51, 449]
[111, 48, 120]
[111, 45, 288]
[111, 42, 200]
[111, 39, 216]
[111, 36, 245]
[111, 33, 345]
[111, 30, 197]
[108, 30, 207]
[108, 33, 238]
[108, 36, 251]
[108, 39, 230]
[108, 42, 89]
[108, 45, 343]
[108, 48, 201]
[108, 51, 283]
[108, 54, 286]
[108, 57, 252]
[108, 60, 251]
[108, 63, 251]
[108, 66, 244]
[108, 69, 332]
[108, 72, 259]
[108, 75, 224]
[108, 78, 297]
[108, 81, 193]
[108, 84, 234]
[108, 87, 284]
[108, 90, 307]
[108, 93, 230]
[108, 96, 264]
[108, 99, 34]
[108, 102, 197]
[108, 105, 242]
[108, 108, 238]
[108, 111, 249]
[108, 114, 231]
[108, 117, 221]
[108, 120, 215]
[105, 120, 188]
[105, 117, 209]
[105, 114, 234]
[105, 111, 225]
[105, 108, 225]
[105, 105, 233]
[105, 102, 210]
[105, 99, 16]
[105, 96, 211]
[105, 93, 226]
[105, 90, 238]
[105, 87, 250]
[105, 84, 262]
[105, 81, 283]
[105, 78, 257]
[105, 75, 195]
[105, 72, 256]
[105, 69, 284]
[105, 66, 259]
[105, 63, 255]
[105, 60, 236]
[105, 57, 254]
[105, 54, 260]
[105, 51, 413]
[105, 48, 355]
[105, 45, 239]
[105, 42, 140]
[105, 39, 172]
[105, 36, 221]
[105, 33, 324]
[105, 30, 209]
[102, 30, 219]
[102, 33, 167]
[102, 36, 269]
[102, 39, 235]
[102, 42, 107]
[102, 45, 288]
[102, 48, 271]
[102, 51, 288]
[102, 54, 274]
[102, 57, 255]
[102, 60, 245]
[102, 63, 260]
[102, 66, 268]
[102, 69, 328]
[102, 72, 262]
[102, 75, 240]
[102, 78, 310]
[102, 81, 260]
[102, 84, 238]
[102, 87, 277]
[102, 90, 242]
[102, 93, 234]
[102, 96, 266]
[102, 99, 47]
[102, 102, 173]
[102, 105, 238]
[102, 108, 244]
[102, 111, 231]
[102, 114, 230]
[102, 117, 222]
[102, 120, 196]
[99, 120, 180]
[99, 117, 214]
[99, 114, 229]
[99, 111, 227]
[99, 108, 239]
[99, 105, 238]
[99, 102, 221]
[99, 99, 16]
[99, 96, 211]
[99, 93, 238]
[99, 90, 344]
[99, 87, 268]
[99, 84, 196]
[99, 81, 353]
[99, 78, 304]
[99, 75, 227]
[99, 72, 264]
[99, 69, 270]
[99, 66, 285]
[99, 63, 275]
[99, 60, 238]
[99, 57, 249]
[99, 54, 285]
[99, 51, 265]
[99, 48, 258]
[99, 45, 256]
[99, 42, 250]
[99, 39, 242]
[99, 36, 255]
[99, 33, 259]
[99, 30, 221]
[96, 30, 235]
[96, 33, 234]
[96, 36, 239]
[96, 39, 247]
[96, 42, 250]
[96, 45, 244]
[96, 48, 259]
[96, 51, 264]
[96, 54, 262]
[96, 57, 260]
[96, 60, 226]
[96, 63, 308]
[96, 66, 283]
[96, 69, 267]
[96, 72, 269]
[96, 75, 242]
[96, 78, 318]
[96, 81, 189]
[96, 84, 262]
[96, 87, 344]
[96, 90, 246]
[96, 93, 245]
[96, 96, 246]
[96, 99, 73]
[96, 102, 158]
[96, 105, 242]
[96, 108, 242]
[96, 111, 224]
[96, 114, 238]
[96, 117, 230]
[96, 120, 177]
[93, 120, 161]
[93, 117, 217]
[93, 114, 226]
[93, 111, 230]
[93, 108, 250]
[93, 105, 254]
[93, 102, 194]
[93, 99, 4]
[93, 96, 259]
[93, 93, 234]
[93, 90, 237]
[93, 87, 263]
[93, 84, 258]
[93, 81, 257]
[93, 78, 261]
[93, 75, 251]
[93, 72, 263]
[93, 69, 280]
[93, 66, 223]
[93, 63, 262]
[93, 60, 258]
[93, 57, 241]
[93, 54, 260]
[93, 51, 259]
[93, 48, 259]
[93, 45, 270]
[93, 42, 250]
[93, 39, 255]
[93, 36, 307]
[93, 33, 223]
[93, 30, 228]
[90, 30, 222]
[90, 33, 304]
[90, 36, 239]
[90, 39, 408]
[90, 42, 360]
[90, 45, 358]
[90, 48, 259]
[90, 51, 292]
[90, 54, 308]
[90, 57, 297]
[90, 60, 279]
[90, 63, 271]
[90, 66, 271]
[90, 69, 271]
[90, 72, 268]
[90, 75, 263]
[90, 78, 268]
[90, 81, 204]
[90, 84, 250]
[90, 87, 294]
[90, 90, 250]
[90, 93, 238]
[90, 96, 225]
[90, 99, 98]
[90, 102, 151]
[90, 105, 238]
[90, 108, 240]
[90, 111, 231]
[90, 114, 243]
[90, 117, 221]
[90, 120, 226]
[87, 120, 184]
[87, 117, 213]
[87, 114, 228]
[87, 111, 239]
[87, 108, 239]
[87, 105, 237]
[87, 102, 192]
[87, 99, 7]
[87, 96, 235]
[87, 93, 237]
[87, 90, 247]
[87, 87, 271]
[87, 84, 221]
[87, 81, 332]
[87, 78, 277]
[87, 75, 263]
[87, 72, 265]
[87, 69, 289]
[87, 66, 272]
[87, 63, 267]
[87, 60, 256]
[87, 57, 233]
[87, 54, 268]
[87, 51, 381]
[87, 48, 514]
[87, 45, 145]
[87, 42, 213]
[87, 39, 296]
[87, 36, 326]
[87, 33, 25]
[87, 30, 96]
[84, 30, 199]
[84, 33, 211]
[84, 36, 128]
[84, 39, 332]
[84, 42, 240]
[84, 45, 254]
[84, 48, 136]
[84, 51, 480]
[84, 54, 265]
[84, 57, 255]
[84, 60, 300]
[84, 63, 262]
[84, 66, 287]
[84, 69, 263]
[84, 72, 262]
[84, 75, 248]
[84, 78, 243]
[84, 81, 267]
[84, 84, 250]
[84, 87, 333]
[84, 90, 251]
[84, 93, 240]
[84, 96, 243]
[84, 99, 89]
[84, 102, 115]
[84, 105, 238]
[84, 108, 243]
[84, 111, 237]
[84, 114, 224]
[84, 117, 262]
[84, 120, 252]
[81, 120, 188]
[81, 117, 326]
[81, 114, 327]
[81, 111, 229]
[81, 108, 275]
[81, 105, 266]
[81, 102, 213]
[81, 99, 12]
[81, 96, 224]
[81, 93, 236]
[81, 90, 242]
[81, 87, 249]
[81, 84, 225]
[81, 81, 263]
[81, 78, 247]
[81, 75, 242]
[81, 72, 279]
[81, 69, 264]
[81, 66, 262]
[81, 63, 258]
[81, 60, 275]
[81, 57, 234]
[81, 54, 252]
[81, 51, 275]
[81, 48, 308]
[81, 45, 378]
[81, 42, 209]
[81, 39, 243]
[81, 36, 397]
[81, 33, 196]
[81, 30, 218]
[78, 30, 243]
[78, 33, 232]
[78, 36, 135]
[78, 39, 339]
[78, 42, 197]
[78, 45, 279]
[78, 48, 296]
[78, 51, 268]
[78, 54, 250]
[78, 57, 254]
[78, 60, 281]
[78, 63, 258]
[78, 66, 255]
[78, 69, 287]
[78, 72, 268]
[78, 75, 250]
[78, 78, 295]
[78, 81, 232]
[78, 84, 225]
[78, 87, 292]
[78, 90, 238]
[78, 93, 245]
[78, 96, 253]
[78, 99, 17]
[78, 102, 164]
[78, 105, 238]
[78, 108, 234]
[78, 111, 224]
[78, 114, 253]
[78, 117, 209]
[78, 120, 196]
[75, 120, 149]
[75, 117, 189]
[75, 114, 213]
[75, 111, 212]
[75, 108, 251]
[75, 105, 234]
[75, 102, 212]
[75, 99, 26]
[75, 96, 201]
[75, 93, 209]
[75, 90, 217]
[75, 87, 265]
[75, 84, 246]
[75, 81, 183]
[75, 78, 270]
[75, 75, 201]
[75, 72, 247]
[75, 69, 255]
[75, 66, 252]
[75, 63, 267]
[75, 60, 256]
[75, 57, 250]
[75, 54, 252]
[75, 51, 353]
[75, 48, 250]
[75, 45, 255]
[75, 42, 634]
[75, 39, 183]
[75, 36, 167]
[75, 33, 205]
[75, 30, 223]
[72, 30, 222]
[72, 33, 222]
[72, 36, 192]
[72, 39, 23]
[72, 42, 507]
[72, 45, 258]
[72, 48, 246]
[72, 51, 243]
[72, 54, 247]
[72, 57, 248]
[72, 60, 263]
[72, 63, 250]
[72, 66, 250]
[72, 69, 246]
[72, 72, 247]
[72, 75, 247]
[72, 78, 234]
[72, 81, 256]
[72, 84, 242]
[72, 87, 237]
[72, 90, 232]
[72, 93, 218]
[72, 96, 197]
[72, 99, 16]
[72, 102, 202]
[72, 105, 234]
[72, 108, 234]
[72, 111, 223]
[72, 114, 214]
[72, 117, 201]
[72, 120, 175]
[69, 120, 132]
[69, 117, 205]
[69, 114, 223]
[69, 111, 216]
[69, 108, 228]
[69, 105, 230]
[69, 102, 226]
[69, 99, 102]
[69, 96, 64]
[69, 93, 214]
[69, 90, 226]
[69, 87, 228]
[69, 84, 230]
[69, 81, 235]
[69, 78, 239]
[69, 75, 226]
[69, 72, 230]
[69, 69, 254]
[69, 66, 247]
[69, 63, 242]
[69, 60, 244]
[69, 57, 243]
[69, 54, 230]
[69, 51, 242]
[69, 48, 242]
[69, 45, 266]
[69, 42, 252]
[69, 39, 425]
[69, 36, 56]
[69, 33, 214]
[69, 30, 222]
[66, 30, 209]
[66, 33, 217]
[66, 36, 204]
[66, 39, 251]
[66, 42, 239]
[66, 45, 237]
[66, 48, 234]
[66, 51, 235]
[66, 54, 235]
[66, 57, 238]
[66, 60, 248]
[66, 63, 234]
[66, 66, 241]
[66, 69, 234]
[66, 72, 331]
[66, 75, 255]
[66, 78, 266]
[66, 81, 224]
[66, 84, 221]
[66, 87, 221]
[66, 90, 224]
[66, 93, 202]
[66, 96, 141]
[66, 99, 285]
[66, 102, 247]
[66, 105, 248]
[66, 108, 235]
[66, 111, 221]
[66, 114, 219]
[66, 117, 203]
[66, 120, 140]
[63, 120, 111]
[63, 117, 124]
[63, 114, 205]
[63, 111, 204]
[63, 108, 224]
[63, 105, 221]
[63, 102, 228]
[63, 99, 227]
[63, 96, 226]
[63, 93, 226]
[63, 90, 230]
[63, 87, 240]
[63, 84, 225]
[63, 81, 221]
[63, 78, 236]
[63, 75, 243]
[63, 72, 222]
[63, 69, 225]
[63, 66, 232]
[63, 63, 225]
[63, 60, 214]
[63, 57, 229]
[63, 54, 244]
[63, 51, 235]
[63, 48, 230]
[63, 45, 221]
[63, 42, 221]
[63, 39, 235]
[63, 36, 219]
[63, 33, 229]
[63, 30, 211]
[60, 30, 211]
[60, 33, 206]
[60, 36, 213]
[60, 39, 205]
[60, 42, 214]
[60, 45, 232]
[60, 48, 213]
[60, 51, 220]
[60, 54, 223]
[60, 57, 222]
[60, 60, 230]
[60, 63, 238]
[60, 66, 256]
[60, 69, 242]
[60, 72, 234]
[60, 75, 241]
[60, 78, 239]
[60, 81, 239]
[60, 84, 238]
[60, 87, 221]
[60, 90, 250]
[60, 93, 235]
[60, 96, 234]
[60, 99, 227]
[60, 102, 226]
[60, 105, 221]
[60, 108, 226]
[60, 111, 208]
[60, 114, 223]
[60, 117, 123]
[60, 120, 111]
[57, 120, 132]
[57, 117, 112]
[57, 114, 180]
[57, 111, 213]
[57, 108, 194]
[57, 105, 208]
[57, 102, 217]
[57, 99, 228]
[57, 96, 227]
[57, 93, 226]
[57, 90, 230]
[57, 87, 230]
[57, 84, 316]
[57, 81, 333]
[57, 78, 318]
[57, 75, 311]
[57, 72, 243]
[57, 69, 255]
[57, 66, 246]
[57, 63, 234]
[57, 60, 279]
[57, 57, 239]
[57, 54, 237]
[57, 51, 223]
[57, 48, 225]
[57, 45, 213]
[57, 42, 213]
[57, 39, 225]
[57, 36, 213]
[57, 33, 184]
[57, 30, 199]
[54, 30, 228]
[54, 33, 181]
[54, 36, 213]
[54, 39, 189]
[54, 42, 212]
[54, 45, 230]
[54, 48, 221]
[54, 51, 225]
[54, 54, 223]
[54, 57, 243]
[54, 60, 234]
[54, 63, 234]
[54, 66, 224]
[54, 69, 234]
[54, 72, 239]
[54, 75, 229]
[54, 78, 231]
[54, 81, 214]
[54, 84, 230]
[54, 87, 221]
[54, 90, 232]
[54, 93, 223]
[54, 96, 221]
[54, 99, 211]
[54, 102, 210]
[54, 105, 196]
[54, 108, 188]
[54, 111, 184]
[54, 114, 189]
[54, 117, 127]
[54, 120, 161]
[51, 120, 149]
[51, 117, 164]
[51, 114, 145]
[51, 111, 136]
[51, 108, 219]
[51, 105, 200]
[51, 102, 199]
[51, 99, 207]
[51, 96, 197]
[51, 93, 205]
[51, 90, 216]
[51, 87, 251]
[51, 84, 217]
[51, 81, 225]
[51, 78, 224]
[51, 75, 226]
[51, 72, 209]
[51, 69, 225]
[51, 66, 224]
[51, 63, 225]
[51, 60, 226]
[51, 57, 225]
[51, 54, 215]
[51, 51, 209]
[51, 48, 213]
[51, 45, 220]
[51, 42, 220]
[51, 39, 189]
[51, 36, 171]
[51, 33, 219]
[51, 30, 520]
[48, 30, 576]
[48, 33, 561]
[48, 36, 534]
[48, 39, 490]
[48, 42, 307]
[48, 45, 291]
[48, 48, 192]
[48, 51, 305]
[48, 54, 309]
[48, 57, 209]
[48, 60, 216]
[48, 63, 239]
[48, 66, 222]
[48, 69, 217]
[48, 72, 223]
[48, 75, 215]
[48, 78, 217]
[48, 81, 210]
[48, 84, 221]
[48, 87, 217]
[48, 90, 203]
[48, 93, 214]
[48, 96, 205]
[48, 99, 200]
[48, 102, 192]
[48, 105, 196]
[48, 108, 196]
[48, 111, 182]
[48, 114, 120]
[48, 117, 124]
[48, 120, 148]
[45, 120, 128]
[45, 117, 139]
[45, 114, 148]
[45, 111, 121]
[45, 108, 164]
[45, 105, 196]
[45, 102, 196]
[45, 99, 210]
[45, 96, 201]
[45, 93, 207]
[45, 90, 202]
[45, 87, 209]
[45, 84, 209]
[45, 81, 204]
[45, 78, 223]
[45, 75, 213]
[45, 72, 216]
[45, 69, 217]
[45, 66, 193]
[45, 63, 209]
[45, 60, 209]
[45, 57, 205]
[45, 54, 209]
[45, 51, 199]
[45, 48, 204]
[45, 45, 435]
[45, 42, 512]
[45, 39, 530]
[45, 36, 537]
[45, 33, 600]
[45, 30, 583]
[42, 30, 586]
[42, 33, 576]
[42, 36, 566]
[42, 39, 543]
[42, 42, 534]
[42, 45, 511]
[42, 48, 472]
[42, 51, 371]
[42, 54, 184]
[42, 57, 194]
[42, 60, 197]
[42, 63, 204]
[42, 66, 205]
[42, 69, 217]
[42, 72, 206]
[42, 75, 191]
[42, 78, 198]
[42, 81, 201]
[42, 84, 213]
[42, 87, 192]
[42, 90, 219]
[42, 93, 179]
[42, 96, 195]
[42, 99, 193]
[42, 102, 188]
[42, 105, 196]
[42, 108, 187]
[42, 111, 120]
[42, 114, 121]
[42, 117, 125]
[42, 120, 136]
