[0, 0, 563]
[0, 9, 530]
[0, 18, 480]
[0, 27, 344]
[0, 36, 240]
[0, 45, 276]
[0, 54, 280]
[0, 63, 273]
[0, 72, 161]
[0, 81, 138]
[0, 90, 125]
[9, 90, 135]
[9, 81, 128]
[9, 72, 143]
[9, 63, 177]
[9, 54, 216]
[9, 45, 245]
[9, 36, 231]
[9, 27, 303]
[9, 18, 442]
[9, 9, 512]
[9, 0, 609]
[18, 0, 569]
[18, 9, 542]
[18, 18, 588]
[18, 27, 334]
[18, 36, 200]
[18, 45, 153]
[18, 54, 165]
[18, 63, 159]
[18, 72, 265]
[18, 81, 176]
[18, 90, 134]
[27, 90, 126]
[27, 81, 133]
[27, 72, 136]
[27, 63, 164]
[27, 54, 166]
[27, 45, 159]
[27, 36, 177]
[27, 27, 300]
[27, 18, 449]
[27, 9, 524]
[27, 0, 564]
[36, 0, 562]
[36, 9, 539]
[36, 18, 534]
[36, 27, 349]
[36, 36, 147]
[36, 45, 138]
[36, 54, 158]
[36, 63, 205]
[36, 72, 149]
[36, 81, 134]
[36, 90, 128]
[45, 90, 179]
[45, 81, 141]
[45, 72, 143]
[45, 63, 158]
[45, 54, 142]
[45, 45, 183]
[45, 36, 140]
[45, 27, 311]
[45, 18, 424]
[45, 9, 519]
[45, 0, 560]
[54, 0, 577]
[54, 9, 534]
[54, 18, 467]
[54, 27, 365]
[54, 36, 160]
[54, 45, 131]
[54, 54, 139]
[54, 63, 159]
[54, 72, 154]
[54, 81, 176]
[54, 90, 124]
[63, 90, 130]
[63, 81, 124]
[63, 72, 148]
[63, 63, 141]
[63, 54, 149]
[63, 45, 154]
[63, 36, 177]
[63, 27, 312]
[63, 18, 447]
[63, 9, 520]
[63, 0, 538]
[72, 0, 562]
[72, 9, 535]
[72, 18, 477]
[72, 27, 357]
[72, 36, 138]
[72, 45, 154]
[72, 54, 136]
[72, 63, 160]
[72, 72, 148]
[72, 81, 134]
[72, 90, 124]
[81, 90, 124]
[81, 81, 136]
[81, 72, 151]
[81, 63, 158]
[81, 54, 204]
[81, 45, 145]
[81, 36, 127]
[81, 27, 318]
[81, 18, 439]
[81, 9, 519]
[81, 0, 567]
[90, 0, 557]
[90, 9, 536]
[90, 18, 466]
[90, 27, 332]
[90, 36, 151]
[90, 45, 158]
[90, 54, 142]
[90, 63, 164]
[90, 72, 189]
[90, 81, 146]
[90, 90, 126]
