[132, 30, 579]
[132, 39, 546]
[132, 48, 478]
[132, 57, 361]
[132, 66, 249]
[132, 75, 283]
[132, 84, 280]
[132, 93, 288]
[132, 102, 127]
[132, 111, 142]
[132, 120, 115]
[123, 120, 123]
[123, 111, 129]
[123, 102, 120]
[123, 93, 120]
[123, 84, 224]
[123, 75, 222]
[123, 66, 208]
[123, 57, 323]
[123, 48, 436]
[123, 39, 531]
[123, 30, 552]
[114, 30, 567]
[114, 39, 544]
[114, 48, 473]
[114, 57, 375]
[114, 66, 171]
[114, 75, 115]
[114, 84, 102]
[114, 93, 127]
[114, 102, 135]
[114, 111, 120]
[114, 120, 119]
[105, 120, 119]
[105, 111, 116]
[105, 102, 112]
[105, 93, 107]
[105, 84, 100]
[105, 75, 124]
[105, 66, 201]
[105, 57, 283]
[105, 48, 455]
[105, 39, 519]
[105, 30, 585]
[96, 30, 567]
[96, 39, 523]
[96, 48, 511]
[96, 57, 434]
[96, 66, 441]
[96, 75, 561]
[96, 84, 377]
[96, 93, 145]
[96, 102, 134]
[96, 111, 183]
[96, 120, 187]
[87, 120, 115]
[87, 111, 124]
[87, 102, 144]
[87, 93, 127]
[87, 84, 117]
[87, 75, 433]
[87, 66, 538]
[87, 57, 300]
[87, 48, 466]
[87, 39, 519]
[87, 30, 546]
[78, 30, 571]
[78, 39, 539]
[78, 48, 523]
[78, 57, 440]
[78, 66, 452]
[78, 75, 442]
[78, 84, 410]
[78, 93, 107]
[78, 102, 125]
[78, 111, 124]
[78, 120, 127]
[69, 120, 120]
[69, 111, 124]
[69, 102, 151]
[69, 93, 118]
[69, 84, 125]
[69, 75, 128]
[69, 66, 116]
[69, 57, 287]
[69, 48, 469]
[69, 39, 526]
[69, 30, 564]
[60, 30, 567]
[60, 39, 542]
[60, 48, 519]
[60, 57, 324]
[60, 66, 121]
[60, 75, 141]
[60, 84, 119]
[60, 93, 107]
[60, 102, 137]
[60, 111, 120]
[60, 120, 127]
[51, 120, 136]
[51, 111, 128]
[51, 102, 132]
[51, 93, 104]
[51, 84, 103]
[51, 75, 139]
[51, 66, 123]
[51, 57, 324]
[51, 48, 438]
[51, 39, 563]
[51, 30, 559]
[42, 30, 565]
[42, 39, 541]
[42, 48, 460]
[42, 57, 348]
[42, 66, 99]
[42, 75, 96]
[42, 84, 97]
[42, 93, 115]
[42, 102, 128]
[42, 111, 145]
[42, 120, 122]
