[0, 0, 570]
[0, 9, 527]
[0, 18, 475]
[0, 27, 357]
[0, 36, 236]
[0, 45, 280]
[0, 54, 280]
[0, 63, 249]
[0, 72, 146]
[0, 81, 177]
[0, 90, 128]
[9, 90, 130]
[9, 81, 137]
[9, 72, 136]
[9, 63, 164]
[9, 54, 225]
[9, 45, 239]
[9, 36, 214]
[9, 27, 300]
[9, 18, 447]
[9, 9, 532]
[9, 0, 545]
[18, 0, 561]
[18, 9, 590]
[18, 18, 483]
[18, 27, 337]
[18, 36, 155]
[18, 45, 158]
[18, 54, 211]
[18, 63, 163]
[18, 72, 156]
[18, 81, 130]
[18, 90, 125]
[27, 90, 128]
[27, 81, 127]
[27, 72, 155]
[27, 63, 165]
[27, 54, 152]
[27, 45, 150]
[27, 36, 179]
[27, 27, 310]
[27, 18, 427]
[27, 9, 568]
[27, 0, 541]
[36, 0, 560]
[36, 9, 540]
[36, 18, 470]
[36, 27, 493]
[36, 36, 231]
[36, 45, 239]
[36, 54, 155]
[36, 63, 259]
[36, 72, 192]
[36, 81, 134]
[36, 90, 189]
[45, 90, 124]
[45, 81, 128]
[45, 72, 148]
[45, 63, 148]
[45, 54, 143]
[45, 45, 129]
[45, 36, 177]
[45, 27, 316]
[45, 18, 441]
[45, 9, 525]
[45, 0, 531]
[54, 0, 568]
[54, 9, 541]
[54, 18, 457]
[54, 27, 359]
[54, 36, 177]
[54, 45, 144]
[54, 54, 157]
[54, 63, 158]
[54, 72, 138]
[54, 81, 133]
[54, 90, 175]
[63, 90, 127]
[63, 81, 138]
[63, 72, 133]
[63, 63, 202]
[63, 54, 154]
[63, 45, 160]
[63, 36, 181]
[63, 27, 316]
[63, 18, 503]
[63, 9, 530]
[63, 0, 560]
[72, 0, 561]
[72, 9, 527]
[72, 18, 464]
[72, 27, 351]
[72, 36, 139]
[72, 45, 159]
[72, 54, 154]
[72, 63, 164]
[72, 72, 153]
[72, 81, 128]
[72, 90, 125]
[81, 90, 134]
[81, 81, 137]
[81, 72, 145]
[81, 63, 165]
[81, 54, 160]
[81, 45, 160]
[81, 36, 135]
[81, 27, 302]
[81, 18, 446]
[81, 9, 518]
[81, 0, 574]
[90, 0, 561]
[90, 9, 532]
[90, 18, 464]
[90, 27, 336]
[90, 36, 154]
[90, 45, 152]
[90, 54, 143]
[90, 63, 158]
[90, 72, 191]
[90, 81, 137]
[90, 90, 139]
